# Created by Octave 4.4.1, Sun Dec 02 20:34:59 2018 GMT <unknown@LAPTOP-9B89P8SL>
# name: val
# type: matrix
# rows: 1
# columns: 9000
 60 81 104 125 136 143 149 154 157 157 154 150 146 140 131 141 171 232 322 432 550 652 699 715 698 645 565 466 348 222 104 14 -15 -26 -26 -15 -7 -3 0 3 7 12 18 25 32 38 43 46 48 50 52 54 56 58 59 60 62 63 64 65 66 66 66 67 67 68 69 70 71 72 74 76 78 81 83 86 88 90 92 95 97 100 102 105 108 111 113 116 118 120 121 123 124 125 127 129 131 134 137 141 145 148 151 153 155 156 157 158 159 160 162 166 169 170 166 158 148 137 122 108 93 86 81 77 74 72 70 68 66 64 62 59 56 54 51 49 47 45 44 44 43 42 42 41 41 40 39 38 36 34 33 31 30 29 29 28 27 27 26 24 23 21 19 16 14 12 10 10 9 10 11 12 13 14 14 15 15 15 15 15 15 15 15 16 17 18 19 19 19 19 20 20 19 19 19 18 18 18 18 19 19 19 19 18 17 17 16 16 15 14 12 10 8 6 4 2 0 -2 -5 -8 -13 -17 -22 -26 -28 -29 -30 -31 -31 -32 -32 -31 -31 -32 -33 -31 -24 -13 0 16 21 23 25 27 28 29 29 28 27 26 25 23 21 19 17 16 15 15 15 17 19 23 29 36 44 76 139 229 341 459 556 588 598 574 498 401 290 167 42 -68 -142 -166 -156 -126 -78 -63 -54 -47 -42 -39 -37 -35 -33 -31 -29 -26 -23 -20 -17 -13 -9 -6 -4 -2 0 2 4 6 8 9 11 13 15 17 18 19 18 17 15 13 11 10 8 6 4 2 1 0 0 0 0 0 0 0 -1 -1 -2 -3 -3 -3 -2 0 2 6 11 17 22 28 35 42 48 52 56 58 59 61 62 64 65 67 68 70 72 74 76 77 77 77 77 76 76 76 76 77 79 81 82 82 82 81 81 80 79 78 77 76 75 74 74 74 74 74 74 74 75 75 76 76 76 76 76 76 76 77 78 79 81 83 85 86 88 91 93 96 98 100 102 104 106 109 112 115 118 120 123 125 128 130 132 135 137 140 142 144 145 146 147 149 150 152 153 153 154 156 157 158 158 159 158 158 157 156 155 153 152 150 148 146 144 141 139 136 134 131 128 125 121 116 112 107 103 100 97 95 94 92 91 89 87 84 81 77 72 66 58 49 40 30 20 9 0 -6 -10 -14 -17 -20 -22 -25 -27 -30 -32 -33 -35 -36 -37 -39 -41 -43 -47 -50 -53 -56 -57 -58 -58 -57 -55 -50 -45 -38 -11 51 149 282 445 612 731 744 685 470 168 -144 -383 -472 -473 -389 -287 -241 -234 -228 -223 -220 -217 -215 -212 -211 -210 -209 -208 -208 -207 -205 -203 -202 -201 -200 -198 -196 -194 -191 -187 -182 -172 -161 -153 -146 -143 -141 -140 -138 -136 -135 -134 -133 -132 -131 -130 -130 -130 -131 -132 -132 -133 -133 -133 -133 -133 -132 -132 -131 -131 -130 -130 -129 -128 -127 -126 -125 -124 -122 -121 -118 -115 -112 -108 -102 -95 -87 -80 -74 -68 -63 -59 -55 -50 -44 -40 -38 -38 -41 -44 -47 -50 -55 -59 -61 -60 -55 -50 -46 -41 -37 -34 -33 -35 -37 -38 -40 -41 -42 -43 -44 -45 -45 -44 -43 -41 -38 -35 -32 -28 -25 -23 -21 -22 -21 -20 -19 -19 -19 -19 -20 -20 -21 -22 -24 -25 -27 -29 -30 -31 -32 -34 -36 -37 -38 -39 -40 -40 -41 -42 -44 -45 -46 -49 -56 -56 -45 -15 47 144 280 451 632 779 840 781 601 344 89 -92 -154 -152 -107 -86 -82 -80 -78 -74 -69 -63 -62 -60 -58 -57 -56 -56 -56 -55 -55 -53 -53 -52 -53 -53 -53 -53 -52 -52 -51 -49 -48 -46 -45 -43 -42 -41 -40 -39 -38 -37 -36 -35 -34 -32 -31 -29 -27 -25 -22 -17 -10 -3 3 11 20 33 54 71 77 81 84 88 91 94 97 100 102 103 104 104 104 103 102 101 99 98 96 94 91 89 86 81 67 53 41 30 22 16 13 10 8 6 5 4 3 2 2 2 2 2 3 5 6 7 8 9 9 10 11 11 12 13 14 15 17 19 21 23 25 27 30 32 35 38 42 47 49 46 41 35 28 20 15 13 12 11 11 10 9 8 7 7 7 7 7 7 7 7 7 6 5 4 2 1 0 -2 -4 -7 -10 -13 -16 -22 -30 -36 -42 -47 -53 -58 -63 -68 -72 -76 -81 -87 -98 -111 -122 -132 -137 -138 -139 -139 -140 -140 -136 -129 -123 -118 -114 -114 -120 -127 -133 -140 -148 -157 -167 -174 -180 -186 -190 -193 -195 -194 -193 -190 -186 -181 -161 -115 -39 75 231 404 550 623 582 427 189 -69 -279 -385 -399 -366 -308 -281 -270 -265 -262 -259 -256 -254 -250 -247 -244 -241 -238 -235 -232 -229 -226 -223 -219 -216 -213 -209 -205 -200 -191 -175 -159 -151 -146 -143 -140 -137 -134 -131 -128 -125 -122 -119 -115 -110 -103 -96 -86 -77 -72 -69 -66 -64 -62 -60 -59 -58 -56 -55 -54 -53 -51 -50 -50 -49 -49 -49 -49 -48 -48 -47 -45 -44 -41 -38 -34 -30 -26 -23 -19 -15 -10 -1 4 9 13 17 20 19 15 10 7 4 2 0 -1 -4 -7 -10 -12 -14 -17 -20 -25 -33 -37 -37 -38 -38 -39 -40 -41 -40 -39 -37 -36 -34 -33 -31 -29 -27 -26 -27 -28 -30 -32 -33 -35 -36 -37 -39 -40 -40 -41 -42 -43 -44 -44 -45 -46 -47 -49 -50 -52 -54 -56 -58 -63 -67 -70 -72 -73 -75 -78 -80 -81 -78 -73 -68 -66 -64 -63 -62 -60 -58 -57 -56 -55 -54 -53 -51 -49 -48 -47 -47 -46 -45 -44 -43 -42 -41 -40 -39 -38 -36 -35 -35 -35 -34 -33 -32 -32 -31 -32 -32 -32 -31 -31 -30 -30 -30 -30 -30 -29 -29 -29 -28 -28 -28 -27 -25 -23 -20 -15 -2 21 64 137 249 407 598 785 893 895 792 548 256 3 -149 -184 -129 -44 18 31 33 35 39 44 50 56 62 68 73 76 80 84 90 96 103 106 108 110 111 113 114 115 116 117 119 120 121 122 122 122 123 123 124 125 127 128 129 130 132 133 134 135 136 136 137 139 140 141 143 145 148 152 156 161 165 167 170 173 176 177 178 178 177 176 175 175 173 171 169 168 172 179 190 205 212 216 219 221 220 217 212 206 197 186 177 168 162 158 152 146 138 131 126 121 116 111 104 94 86 79 73 67 62 58 54 49 46 42 34 22 15 10 7 6 6 8 11 15 17 21 24 26 26 23 18 13 5 -5 -12 -19 -26 -36 -42 -45 -48 -50 -52 -53 -55 -56 -57 -58 -59 -61 -63 -66 -72 -81 -90 -97 -102 -106 -108 -109 -111 -112 -113 -113 -114 -114 -114 -114 -114 -113 -112 -111 -110 -109 -108 -106 -104 -101 -97 -82 -42 27 137 291 474 644 738 707 534 254 -58 -315 -435 -447 -391 -295 -226 -201 -194 -184 -173 -166 -160 -154 -149 -145 -142 -139 -137 -136 -134 -132 -130 -128 -127 -126 -125 -123 -121 -119 -118 -116 -114 -113 -111 -110 -108 -107 -105 -103 -101 -100 -98 -97 -97 -96 -95 -95 -94 -93 -92 -92 -91 -89 -88 -87 -86 -85 -84 -82 -79 -71 -56 -46 -38 -30 -19 -5 4 9 14 19 23 29 37 42 44 46 47 48 49 49 47 45 42 38 34 27 20 13 5 -3 -11 -18 -24 -28 -32 -33 -35 -36 -37 -38 -39 -40 -41 -43 -46 -48 -50 -52 -55 -58 -62 -65 -67 -69 -71 -73 -74 -76 -77 -78 -80 -81 -82 -82 -81 -79 -76 -74 -73 -71 -69 -67 -66 -66 -67 -70 -74 -78 -84 -93 -99 -102 -105 -107 -108 -108 -105 -101 -98 -95 -93 -91 -89 -87 -85 -83 -81 -80 -78 -78 -77 -77 -77 -77 -77 -76 -75 -74 -73 -73 -73 -73 -74 -74 -75 -75 -76 -77 -78 -77 -76 -73 -70 -66 -59 -50 -40 -31 -22 -10 3 9 13 16 18 18 16 13 9 3 -9 -22 -36 -51 -66 -80 -96 -113 -128 -149 -169 -192 -219 -230 -240 -239 -214 -155 -62 68 228 390 513 555 486 311 66 -187 -382 -463 -470 -423 -355 -310 -291 -285 -279 -273 -252 -225 -210 -196 -183 -173 -162 -152 -144 -136 -126 -110 -92 -74 -56 -39 -23 -7 5 15 22 28 32 36 39 43 47 50 54 58 62 65 68 72 76 81 85 90 96 100 104 107 109 110 111 113 114 116 117 119 120 122 125 129 138 148 161 178 195 212 228 242 261 282 306 322 341 360 379 400 412 418 422 426 428 429 429 429 429 430 430 430 430 430 430 429 424 416 410 404 398 393 388 384 381 378 376 374 372 370 368 366 364 362 359 356 351 342 334 327 319 309 300 290 281 271 260 250 240 231 222 212 203 197 190 183 176 170 162 154 148 144 140 135 131 127 122 115 103 92 86 83 80 78 76 74 72 70 68 67 64 61 52 36 27 23 20 17 13 10 6 3 0 -2 -5 -9 -12 -16 -21 -27 -36 -44 -51 -59 -69 -80 -90 -101 -115 -126 -134 -140 -145 -149 -154 -161 -173 -182 -189 -194 -199 -203 -207 -210 -212 -214 -217 -220 -224 -228 -232 -236 -241 -247 -249 -247 -241 -235 -225 -214 -213 -212 -212 -211 -210 -210 -210 -209 -209 -209 -210 -210 -211 -212 -213 -214 -215 -216 -215 -204 -175 -128 -56 45 183 348 511 607 609 520 304 40 -197 -356 -403 -404 -360 -323 -305 -294 -286 -280 -278 -276 -275 -274 -273 -272 -272 -272 -272 -272 -272 -273 -274 -275 -276 -276 -277 -278 -274 -266 -256 -245 -236 -231 -228 -226 -224 -222 -221 -219 -217 -216 -214 -213 -210 -208 -205 -200 -189 -180 -172 -165 -157 -149 -143 -139 -136 -133 -130 -128 -125 -123 -120 -116 -111 -106 -101 -95 -87 -76 -66 -56 -46 -38 -29 -21 -10 0 11 23 33 42 50 59 63 66 68 71 74 76 78 80 80 81 81 80 79 77 74 72 69 67 65 64 62 61 60 58 57 57 56 54 53 52 51 50 50 49 49 49 49 50 51 52 53 54 55 56 57 57 57 56 54 53 52 51 51 50 50 50 50 50 50 49 47 46 45 44 43 43 43 44 47 51 55 60 65 71 84 100 106 108 110 112 114 116 117 119 120 121 122 123 124 124 123 123 122 120 119 117 115 114 112 109 107 105 102 100 98 94 90 86 81 77 73 69 65 62 59 56 54 52 49 47 46 44 42 40 39 38 37 36 36 35 35 35 36 36 35 34 39 49 57 66 71 72 73 74 76 77 77 76 72 68 65 63 60 57 55 54 54 56 60 66 75 107 171 268 