# Created by Octave 4.4.1, Sun Dec 02 20:33:38 2018 GMT <unknown@LAPTOP-9B89P8SL>
# name: val
# type: matrix
# rows: 1
# columns: 6102
 76 101 127 140 147 154 158 160 159 154 146 137 124 105 90 79 71 64 56 48 42 37 33 29 27 26 25 26 29 33 38 45 51 55 59 63 66 69 72 76 80 84 86 86 84 81 77 73 68 63 58 52 46 39 32 25 18 12 8 7 8 11 18 26 36 49 68 82 89 95 100 106 112 114 111 102 90 77 61 47 33 17 0 -5 -8 -10 -12 -13 -14 -14 -14 -13 -11 -6 0 5 12 22 32 43 53 62 71 78 85 92 98 102 105 109 112 115 118 121 122 124 125 126 126 125 125 124 123 124 126 128 127 118 107 101 95 89 83 79 76 75 76 78 82 87 93 107 130 160 206 276 373 484 598 708 799 841 855 836 779 680 561 437 319 217 136 77 47 28 16 4 -7 -27 -54 -81 -108 -126 -135 -143 -153 -162 -176 -193 -211 -230 -248 -266 -288 -321 -344 -356 -364 -369 -371 -372 -374 -374 -375 -376 -377 -378 -378 -377 -374 -370 -365 -360 -354 -348 -342 -335 -329 -322 -314 -304 -290 -277 -264 -253 -243 -233 -224 -216 -209 -205 -201 -196 -190 -183 -175 -166 -156 -142 -129 -119 -108 -94 -76 -58 -48 -41 -36 -32 -31 -31 -34 -40 -48 -56 -63 -72 -81 -90 -98 -106 -113 -120 -127 -134 -139 -141 -143 -144 -144 -145 -146 -149 -147 -130 -117 -107 -97 -88 -79 -72 -66 -60 -55 -49 -45 -40 -33 -18 5 44 97 170 264 362 453 531 566 565 526 459 374 271 155 37 -73 -161 -200 -214 -219 -213 -202 -191 -180 -168 -154 -140 -125 -110 -95 -81 -68 -54 -37 -28 -22 -16 -11 -8 -5 -2 0 1 2 3 4 4 3 2 1 1 1 2 4 4 1 -3 -8 -11 -14 -18 -21 -23 -24 -21 -15 -7 0 9 20 31 41 50 60 80 107 124 139 154 174 200 215 222 228 232 233 230 222 214 206 201 196 191 185 179 174 169 166 163 160 158 157 158 159 159 159 158 157 155 153 151 148 145 141 138 135 133 130 127 123 118 113 108 103 100 97 94 92 89 86 80 75 75 82 91 97 103 107 111 111 107 99 88 67 36 19 7 2 10 26 52 88 149 215 295 384 463 499 497 455 381 288 179 60 -57 -171 -278 -329 -347 -356 -356 -349 -338 -326 -308 -286 -264 -243 -225 -214 -207 -202 -198 -194 -191 -188 -187 -186 -185 -184 -183 -181 -180 -179 -179 -179 -179 -179 -179 -180 -181 -183 -185 -187 -189 -192 -194 -195 -192 -183 -173 -164 -157 -150 -142 -135 -129 -121 -111 -95 -80 -61 -35 -12 4 18 28 36 44 53 63 80 108 130 148 170 184 194 202 208 212 214 216 217 218 219 220 221 222 222 222 222 223 223 221 218 214 209 204 199 194 188 177 167 162 158 152 146 148 166 186 206 220 238 263 287 302 305 307 309 307 295 287 280 273 265 258 254 250 246 242 239 237 234 232 229 227 226 225 224 224 223 219 214 210 209 214 221 228 232 236 241 246 252 256 260 263 264 266 268 269 271 272 275 279 283 286 287 285 281 275 268 254 226 203 185 166 141 111 79 48 20 0 -17 -35 -52 -68 -78 -85 -91 -94 -93 -86 -75 -65 -56 -45 -34 -30 -29 -29 -29 -29 -28 -28 -28 -28 -28 -30 -35 -40 -47 -54 -61 -70 -78 -84 -91 -97 -101 -105 -108 -112 -115 -118 -121 -125 -129 -133 -137 -143 -152 -171 -194 -209 -220 -229 -237 -243 -248 -254 -261 -270 -279 -291 -305 -321 -336 -344 -349 -354 -358 -360 -361 -359 -355 -348 -340 -332 -324 -313 -302 -295 -291 -287 -283 -281 -278 -276 -273 -270 -267 -263 -257 -249 -232 -203 -161 -100 -22 70 175 285 389 458 459 394 229 25 -178 -351 -461 -483 -489 -494 -501 -510 -520 -539 -570 -593 -607 -614 -614 -615 -617 -619 -622 -624 -623 -622 -619 -615 -612 -606 -603 -608 -621 -633 -646 -660 -676 -692 -708 -720 -730 -745 -772 -791 -802 -809 -813 -813 -810 -805 -798 -785 -760 -739 -723 -705 -690 -677 -665 -653 -640 -623 -605 -580 -550 -519 -492 -468 -442 -415 -388 -360 -334 -308 -281 -257 -239 -219 -206 -197 -190 -183 -177 -172 -166 -156 -141 -126 -119 -115 -111 -108 -104 -101 -99 -98 -98 -99 -101 -103 -106 -110 -113 -117 -120 -124 -128 -136 -144 -148 -145 -139 -130 -118 -101 -83 -58 -28 -10 0 10 21 31 38 46 55 60 64 66 67 68 72 78 87 97 110 134 170 204 238 273 293 301 306 291 267 237 212 194 183 177 173 168 163 158 154 152 152 151 150 150 148 145 141 139 137 136 136 138 142 148 155 163 172 191 213 235 255 269 284 298 311 319 326 331 337 342 348 355 362 369 380 393 404 413 420 426 433 439 443 444 446 447 447 445 442 439 434 426 414 396 377 366 358 353 351 349 346 344 344 344 344 344 346 351 355 358 362 365 369 371 372 375 378 381 384 385 382 375 366 359 350 333 319 308 291 268 246 224 206 190 174 155 128 107 92 82 80 82 83 81 80 86 98 106 115 123 126 122 111 100 89 72 58 47 35 20 -1 -21 -36 -51 -63 -76 -91 -105 -113 -117 -117 -117 -116 -116 -117 -118 -121 -124 -127 -131 -136 -142 -149 -157 -171 -187 -195 -194 -186 -173 -133 -79 -11 61 130 180 197 182 133 15 -143 -320 -489 -620 -678 -682 -645 -596 -554 -526 -502 -485 -469 -452 -437 -421 -400 -373 -345 -314 -292 -281 -271 -263 -257 -250 -240 -227 -212 -199 -189 -179 -168 -159 -151 -144 -137 -130 -122 -114 -107 -100 -92 -85 -77 -69 -60 -50 -41 -30 -21 -11 -3 4 11 16 21 25 26 26 27 27 28 29 28 28 27 24 22 17 11 4 -3 -9 -19 -45 -58 -74 -95 -119 -144 -157 -160 -164 -166 -169 -172 -175 -178 -180 -181 -182 -186 -194 -211 -247 -275 -293 -309 -321 -342 -372 -406 -444 -465 -478 -489 -496 -498 -499 -501 -504 -504 -501 -495 -489 -482 -474 -462 -438 -421 -399 -370 -340 -310 -283 -262 -242 -216 -186 -156 -123 -95 -73 -52 -24 8 35 53 65 73 79 83 82 72 55 36 8 -15 -39 -64 -87 -110 -134 -161 -194 -242 -297 -343 -372 -392 -392 -375 -329 -235 -122 -12 58 85 96 94 87 80 74 70 72 77 82 85 88 93 97 93 83 72 65 59 52 45 39 33 29 25 25 26 30 35 41 46 53 59 67 76 98 117 134 149 162 176 193 208 216 221 226 231 235 239 244 249 255 259 263 266 269 272 274 279 287 294 297 296 292 286 276 255 220 190 156 126 103 73 54 40 28 18 7 -2 -11 -17 -24 -28 -32 -35 -36 -36 -35 -33 -31 -26 -19 -12 -6 1 11 20 29 39 51 64 80 103 123 139 147 152 158 163 168 171 173 173 173 172 170 166 163 164 163 161 159 155 151 146 141 135 130 124 119 114 108 94 78 68 59 51 44 39 34 30 27 26 26 27 27 27 28 27 25 23 20 17 13 9 6 4 1 0 -3 -7 -13 -23 -35 -48 -60 -72 -84 -95 -104 -110 -115 -120 -124 -128 -132 -137 -142 -146 -150 -153 -153 -152 -149 -144 -139 -133 -126 -120 -114 -110 -106 -104 -102 -99 -95 -91 -86 -82 -78 -74 -71 -69 -68 -67 -66 -66 -65 -63 -60 -57 -54 -49 -46 -43 -41 -39 -38 -37 -37 -36 -35 -34 -32 -31 -29 -28 -27 -27 -28 -29 -31 -33 -34 -34 -33 -31 -29 -26 -22 -18 -13 -8 0 22 69 142 230 343 465 581 682 717 700 643 491 288 88 -57 -99 -112 -119 -127 -137 -144 -150 -153 -156 -159 -161 -163 -167 -171 -175 -178 -178 -176 -173 -169 -164 -159 -153 -148 -144 -140 -136 -133 -131 -129 -127 -124 -122 -118 -115 -111 -107 -102 -96 -91 -85 -79 -73 -68 -63 -58 -52 -45 -38 -30 -23 -17 -12 -7 -4 -1 0 0 0 1 1 2 5 8 12 17 24 32 42 55 69 83 98 112 124 136 148 158 169 179 187 192 194 196 197 197 196 196 197 197 198 200 201 202 200 197 193 187 181 173 166 157 140 125 112 100 88 75 64 52 39 25 11 -2 -9 -15 -19 -23 -28 -32 -36 -39 -43 -47 -51 -54 -57 -61 -66 -72 -76 -78 -76 -70 -62 -51 -31 5 68 147 253 374 486 543 563 534 444 315 162 11 -89 -123 -114 -87 -22 11 25 31 36 39 44 50 56 63 71 81 102 139 166 186 212 227 236 243 250 254 257 257 256 254 252 250 249 247 243 238 235 235 239 245 250 253 254 256 258 260 263 265 268 271 275 277 279 281 282 284 285 288 291 295 300 305 312 318 323 327 330 333 335 337 339 342 347 350 342 325 305 282 265 252 243 233 225 217 203 182 169 161 154 145 136 128 121 115 109 103 97 88 71 46 36 31 28 26 24 21 18 15 11 7 2 -10 -35 -57 -73 -91 -102 -108 -113 -118 -123 -129 -135 -140 -146 -151 -158 -164 -169 -174 -178 -182 -185 -188 -192 -195 -198 -201 -203 -204 -204 -202 -199 -196 -193 -190 -187 -184 -181 -179 -176 -174 -172 -170 -169 -169 -170 -172 -174 -176 -179 -182 -186 -190 -195 -200 -204 -212 -220 -227 -232 -236 -239 -241 -243 -245 -248 -251 -254 -255 -256 -256 -256 -256 -255 -254 -252 -250 -248 -246 -244 -242 -241 -239 -238 -237 -235 -234 -232 -230 -228 -225 -224 -222 -222 -222 -223 -225 -227 -228 -230 -232 -233 -235 -237 -240 -242 -245 -249 -257 -264 -264 -260 -251 -238 -216 -193 -168 -122 -65 9 99 197 297 396 458 462 418 300 127 -70 -246 -367 -399 -395 -339 -289 -265 -249 -236 -220 -198 -171 -142 -115 -87 -58 -33 -15 -2 4 9 14 19 24 28 32 38 51 73 93 116 129 134 138 141 143 145 145 143 141 138 136 134 133 130 128 125 124 126 132 141 150 158 163 169 173 178 182 185 187 