# Created by Octave 4.4.1, Sun Dec 02 20:34:05 2018 GMT <unknown@LAPTOP-9B89P8SL>
# name: val
# type: matrix
# rows: 1
# columns: 9000
 275 328 382 435 483 500 511 518 525 532 535 531 521 494 452 400 366 329 296 273 258 253 260 276 294 315 333 350 368 388 399 406 411 416 419 420 420 420 419 417 416 415 413 411 409 407 406 405 405 405 406 407 409 410 412 413 414 415 415 417 418 418 418 418 418 417 416 415 414 412 410 407 403 397 385 371 355 330 297 276 263 254 245 237 232 227 224 220 216 211 205 199 193 188 184 180 177 173 169 165 161 157 154 152 149 146 142 138 130 114 101 83 57 31 13 9 5 1 4 22 51 77 91 100 99 83 41 -8 -65 -122 -177 -205 -224 -238 -238 -223 -202 -173 -151 -138 -125 -114 -107 -102 -98 -95 -93 -91 -90 -90 -91 -92 -93 -95 -96 -98 -99 -101 -102 -104 -105 -107 -108 -110 -111 -111 -111 -111 -110 -108 -107 -105 -103 -101 -99 -98 -96 -95 -93 -90 -87 -85 -85 -90 -97 -105 -115 -129 -142 -155 -166 -176 -186 -197 -208 -222 -237 -245 -250 -252 -254 -255 -256 -257 -257 -257 -256 -256 -255 -253 -250 -248 -246 -243 -240 -238 -236 -235 -237 -242 -249 -257 -269 -287 -299 -307 -314 -319 -319 -311 -299 -283 -264 -257 -251 -245 -246 -260 -299 -342 -388 -440 -471 -493 -508 -514 -510 -499 -481 -454 -425 -396 -366 -338 -319 -306 -293 -280 -271 -265 -261 -257 -253 -250 -245 -241 -238 -234 -229 -224 -218 -212 -205 -199 -192 -186 -180 -174 -167 -160 -153 -147 -140 -133 -125 -118 -111 -104 -98 -92 -87 -83 -79 -76 -73 -72 -71 -72 -75 -79 -83 -88 -93 -99 -110 -120 -127 -132 -137 -141 -144 -146 -147 -148 -147 -145 -141 -136 -130 -124 -117 -110 -103 -97 -92 -87 -84 -80 -78 -77 -76 -76 -75 -73 -71 -68 -65 -63 -60 -57 -55 -51 -46 -32 0 18 30 37 36 30 18 -18 -61 -108 -160 -191 -214 -229 -236 -232 -219 -199 -172 -146 -121 -95 -69 -42 -12 11 25 38 49 56 61 65 69 72 76 80 85 89 93 98 104 110 117 123 130 137 146 157 167 178 189 200 212 222 230 236 240 243 246 248 250 251 252 251 248 244 238 232 225 218 207 195 182 168 159 151 145 139 135 133 132 134 137 142 147 153 158 162 166 171 176 181 185 190 194 197 198 198 197 194 192 188 184 181 177 174 171 166 155 145 144 152 163 171 180 188 190 186 177 165 144 113 67 19 -29 -50 -61 -69 -72 -67 -53 -32 -3 24 50 74 100 122 139 155 161 164 167 169 171 172 174 175 178 181 183 186 188 191 194 197 201 204 208 212 216 221 226 231 235 238 240 242 243 244 246 247 250 254 258 261 261 257 251 242 225 200 177 151 126 107 87 70 55 43 32 15 -10 -34 -50 -62 -66 -68 -70 -72 -73 -74 -75 -76 -78 -79 -81 -82 -83 -84 -86 -89 -92 -96 -101 -108 -122 -133 -143 -150 -156 -161 -164 -164 -159 -150 -141 -133 -123 -114 -111 -113 -121 -134 -175 -224 -277 -330 -363 -383 -395 -402 -405 -404 -397 -386 -353 -310 -261 -211 -193 -188 -185 -183 -182 -181 -180 -179 -178 -176 -173 -171 -169 -166 -162 -158 -152 -144 -134 -125 -115 -105 -92 -77 -64 -54 -42 -27 -11 0 10 18 26 32 36 40 44 47 49 50 50 48 44 39 33 27 19 9 -1 -11 -20 -28 -36 -44 -51 -56 -58 -60 -61 -62 -63 -64 -65 -65 -66 -65 -64 -62 -60 -58 -56 -53 -50 -48 -47 -47 -50 -55 -62 -69 -76 -86 -96 -103 -108 -113 -119 -123 -123 -114 -102 -92 -82 -74 -71 -75 -85 -99 -124 -162 -199 -227 -239 -246 -251 -254 -253 -248 -237 -204 -161 -113 -82 -58 -43 -28 -14 -5 1 6 11 16 21 26 31 36 41 47 53 59 64 69 75 82 93 108 123 137 144 148 153 158 162 165 167 168 169 169 169 169 168 166 164 161 158 154 150 142 125 106 90 76 62 48 36 26 16 8 1 -3 -6 -7 -9 -9 -10 -10 -11 -12 -13 -15 -17 -19 -21 -22 -22 -23 -25 -26 -28 -29 -32 -35 -40 -45 -51 -55 -59 -63 -68 -74 -84 -89 -84 -72 -55 -30 -4 13 22 28 13 -33 -98 -174 -249 -310 -340 -350 -341 -315 -281 -262 -243 -224 -194 -159 -121 -97 -77 -65 -54 -44 -38 -34 -31 -28 -26 -23 -20 -17 -15 -12 -9 -6 -2 4 19 32 39 43 47 50 53 57 61 66 69 73 76 79 82 85 87 90 92 93 93 93 92 90 87 83 78 72 62 44 31 15 -5 -22 -35 -48 -54 -57 -59 -61 -63 -64 -65 -65 -64 -64 -64 -64 -63 -62 -60 -58 -57 -56 -55 -53 -51 -49 -48 -49 -53 -58 -64 -73 -85 -90 -93 -96 -98 -98 -93 -85 -73 -56 -43 -34 -34 -41 -60 -107 -179 -267 -355 -422 -443 -442 -413 -376 -339 -320 -302 -284 -251 -217 -186 -156 -137 -126 -120 -116 -112 -108 -105 -101 -97 -90 -83 -77 -70 -61 -52 -42 -33 -24 -13 0 15 30 38 42 45 47 50 52 54 56 59 63 71 79 91 106 114 120 123 124 123 118 112 101 85 72 59 46 31 15 0 -9 -16 -22 -27 -32 -36 -38 -38 -33 -27 -20 -13 -5 2 7 10 13 15 18 20 21 21 21 20 19 18 16 14 12 9 3 -2 -9 -23 -34 -39 -42 -35 -24 -8 9 25 38 46 38 15 -34 -103 -182 -259 -321 -354 -358 -343 -300 -251 -213 -188 -164 -136 -106 -77 -51 -34 -24 -20 -17 -15 -12 -10 -9 -7 -5 -4 -3 -2 -1 -1 0 0 1 2 4 6 8 10 12 15 18 23 32 39 45 53 63 69 73 76 79 81 82 82 81 79 77 74 70 62 46 23 0 -13 -28 -43 -57 -74 -88 -96 -102 -106 -109 -117 -129 -137 -140 -143 -145 -146 -146 -146 -145 -144 -141 -138 -135 -130 -121 -119 -118 -116 -117 -123 -131 -142 -154 -168 -180 -188 -192 -192 -189 -184 -174 -159 -142 -129 -120 -114 -123 -149 -199 -267 -345 -423 -484 -515 -518 -503 -459 -414 -381 -364 -350 -337 -318 -288 -254 -229 -214 -205 -200 -196 -193 -191 -189 -185 -179 -172 -163 -150 -138 -129 -122 -116 -112 -106 -99 -91 -81 -71 -58 -40 -20 -2 16 32 44 54 62 70 79 86 94 101 109 114 120 122 119 113 104 91 78 64 51 38 19 -3 -15 -28 -41 -56 -71 -90 -105 -112 -117 -120 -121 -119 -115 -110 -106 -103 -99 -95 -92 -89 -86 -84 -81 -78 -75 -72 -72 -74 -77 -81 -86 -92 -93 -94 -95 -96 -94 -87 -70 -47 -22 -14 -14 -20 -36 -65 -103 -149 -200 -250 -284 -297 -297 -290 -280 -268 -249 -225 -194 -158 -119 -82 -55 -44 -37 -27 -15 -3 4 12 15 17 19 20 21 23 24 25 26 28 29 31 33 37 50 64 80 99 114 121 125 127 129 131 134 136 138 141 145 154 165 169 172 171 163 153 139 123 107 91 75 67 63 60 57 54 52 50 47 45 40 32 23 18 14 11 10 11 15 20 27 37 49 57 63 68 71 74 75 77 79 80 81 82 81 79 76 72 67 59 58 63 76 100 127 155 180 188 183 170 123 55 -22 -96 -150 -165 -170 -160 -129 -99 -68 -36 0 39 78 111 137 145 150 153 155 158 160 162 165 169 174 178 183 188 192 196 198 200 202 204 205 207 208 210 212 214 216 218 222 228 240 248 259 272 279 283 286 288 288 286 282 277 268 252 234 218 202 188 167 145 131 119 109 100 89 75 63 54 46 42 40 38 36 35 34 33 31 30 28 27 26 24 22 19 16 12 8 4 0 -5 -11 -17 -23 -32 -42 -49 -54 -59 -62 -61 -58 -52 -42 -32 -25 -25 -42 -74 -120 -179 -246 -313 -367 -382 -388 -375 -354 -334 -318 -302 -276 -241 -200 -164 -150 -144 -149 -154 -159 -161 -158 -153 -151 -149 -148 -147 -146 -145 -144 -143 -141 -140 -139 -138 -137 -135 -133 -131 -128 -124 -118 -113 -108 -101 -92 -87 -83 -79 -78 -81 -90 -100 -112 -118 -124 -130 -137 -148 -160 -169 -177 -186 -198 -212 -234 -259 -280 -293 -303 -310 -316 -318 -320 -322 -323 -324 -325 -326 -326 -326 -326 -327 -327 -327 -327 -327 -327 -328 -329 -330 -332 -333 -334 -336 -337 -340 -345 -355 -361 -364 -366 -367 -366 -362 -356 -346 -329 -316 -307 -306 -312 -330 -371 -430 -500 -568 -618 -633 -629 -596 -546 -501 -474 -454 -434 -408 -381 -359 -335 -321 -309 -297 -286 -273 -258 -243 -228 -214 -201 -187 -176 -168 -160 -155 -151 -148 -144 -140 -136 -129 -120 -111 -99 -84 -68 -53 -38 -25 -15 -4 7 20 31 37 41 42 43 43 44 45 41 31 17 0 -15 -27 -37 -51 -61 -66 -69 -72 -74 -75 -76 -76 -77 -78 -79 -80 -81 -79 -74 -70 -66 -61 -56 -51 -46 -40 -34 -25 -19 -14 -10 -6 -3 -2 -5 -12 -19 -24 -31 -36 -40 -40 -39 -36 -31 -14 6 31 44 55 62 55 31 -13 -77 -150 -220 -267 -282 -281 -256 -216 -179 -145 -110 -74 -44 -28 -15 -1 11 26 38 47 57 63 68 72 75 79 83 87 91 96 100 104 110 117 125 135 148 158 164 170 177 185 194 203 212 222 231 243 255 260 263 265 265 262 257 249 234 219 204 193 185 175 163 146 135 129 124 119 113 106 97 91 87 83 80 78 77 75 72 71 71 73 76 78 80 82 84 85 85 84 81 77 73 70 65 60 55 51 48 44 38 30 28 26 23 25 34 47 65 83 95 102 102 87 54 4 -57 -119 -170 -193 -201 -201 -193 -187 -181 -174 -163 -130 -78 -25 8 19 15 10 7 9 19 28 36 42 50 55 59 61 63 64 65 66 68 69 70 70 70 71 72 74 76 80 85 91 98 106 116 125 132 137 138 138 139 140 140 137 131 123 114 105 94 81 72 65 57 50 43 34 26 20 16 14 13 12 11 10 9 10 13 17 22 28 35 41 44 46 47 48 50 51 53 53 51 47 41 34 23 14 3 -9 -21 -35 -50 -63 -71 -78 -78 -70 -61 -53 -50 -47 -45 -52 -75 -110 -158 -213 -271 -325 -369 -390 