# Created by Octave 4.4.1, Sun Dec 02 20:34:28 2018 GMT <unknown@LAPTOP-9B89P8SL>
# name: val
# type: matrix
# rows: 1
# columns: 9000
 76 92 103 112 120 120 104 90 77 62 45 31 18 9 9 15 23 30 36 42 48 55 60 64 67 70 73 76 77 79 80 82 82 81 79 75 72 69 65 62 58 54 49 43 36 29 24 19 12 2 -13 -30 -46 -59 -70 -80 -88 -94 -100 -105 -110 -115 -121 -130 -144 -159 -173 -184 -196 -210 -219 -225 -230 -235 -240 -245 -249 -253 -258 -265 -274 -283 -292 -299 -304 -308 -312 -316 -320 -322 -325 -327 -330 -333 -337 -340 -344 -347 -351 -355 -358 -361 -365 -368 -372 -374 -377 -378 -380 -383 -387 -391 -392 -390 -386 -380 -375 -372 -370 -368 -365 -363 -360 -357 -354 -352 -352 -352 -353 -355 -356 -358 -361 -365 -369 -373 -377 -384 -401 -419 -438 -457 -475 -498 -527 -545 -555 -565 -576 -587 -596 -603 -610 -616 -620 -624 -627 -630 -632 -634 -635 -637 -638 -639 -640 -639 -638 -636 -633 -628 -623 -616 -601 -583 -558 -526 -471 -402 -324 -249 -187 -148 -134 -134 -148 -185 -247 -315 -383 -447 -483 -496 -501 -496 -483 -469 -451 -435 -415 -389 -360 -336 -320 -310 -298 -284 -275 -268 -262 -255 -247 -238 -229 -216 -199 -186 -178 -168 -156 -141 -127 -115 -102 -88 -67 -35 -11 4 16 27 36 45 53 61 69 79 94 110 131 157 185 214 237 251 263 276 288 301 312 321 330 339 351 364 376 387 395 395 387 376 364 351 336 321 311 302 294 288 285 284 283 282 280 277 274 275 283 294 300 305 309 313 317 322 326 329 331 334 336 340 343 345 348 353 357 362 365 366 364 361 356 351 345 337 324 313 305 297 289 285 290 303 315 329 344 359 370 380 388 394 399 404 408 412 417 421 423 419 411 401 392 380 368 355 347 341 336 331 325 319 312 306 299 288 272 257 244 231 217 211 216 228 247 275 297 313 330 351 380 398 409 416 417 413 403 389 366 329 294 260 244 236 229 223 218 215 213 212 212 211 211 211 212 213 214 213 212 212 219 228 234 240 245 252 259 265 270 276 289 319 380 452 524 572 587 572 531 457 365 262 143 13 -103 -169 -194 -195 -178 -154 -121 -99 -85 -72 -59 -49 -40 -31 -23 -15 -7 5 22 39 54 67 80 93 117 138 147 152 150 134 118 100 80 52 16 0 -7 -14 -20 -25 -28 -30 -31 -31 -30 -29 -27 -23 -19 -16 -12 -9 -7 -5 -3 0 3 8 13 17 19 21 21 19 18 15 12 9 6 2 -1 -5 -12 -19 -27 -37 -47 -58 -69 -81 -91 -101 -110 -119 -128 -136 -141 -143 -144 -145 -146 -147 -148 -149 -150 -151 -150 -148 -144 -141 -136 -131 -123 -111 -97 -81 -73 -67 -63 -58 -54 -50 -46 -42 -38 -34 -28 -23 -16 -8 0 6 10 14 17 18 19 20 21 22 24 25 27 29 31 33 33 33 32 30 27 25 22 19 15 11 6 2 -2 -10 -30 -40 -45 -47 -49 -51 -52 -52 -54 -55 -56 -57 -58 -59 -61 -63 -66 -70 -75 -88 -116 -146 -177 -212 -247 -262 -268 -274 -279 -284 -288 -291 -293 -295 -296 -297 -298 -298 -297 -295 -293 -291 -289 -286 -283 -280 -277 -274 -271 -267 -259 -250 -241 -236 -232 -229 -224 -218 -208 -197 -184 -142 -89 -22 54 136 214 267 285 266 207 91 -37 -155 -239 -273 -284 -268 -241 -213 -200 -193 -189 -185 -179 -170 -161 -151 -143 -135 -126 -118 -111 -107 -103 -99 -94 -87 -77 -71 -68 -64 -59 -62 -79 -96 -114 -117 -118 -117 -118 -119 -120 -120 -120 -121 -121 -119 -117 -113 -109 -103 -96 -87 -69 -50 -35 -24 -14 -4 4 9 14 18 22 26 30 32 33 33 33 33 32 30 27 23 18 13 8 -1 -22 -39 -53 -65 -77 -89 -96 -102 -107 -111 -113 -115 -116 -118 -120 -121 -122 -121 -120 -119 -119 -118 -117 -116 -114 -112 -110 -107 -104 -98 -92 -85 -75 -64 -52 -37 -23 -10 0 6 12 16 20 23 26 29 31 34 36 39 42 45 48 50 54 59 65 69 73 75 77 78 80 81 82 83 83 83 81 79 78 76 75 73 71 69 69 73 81 92 101 106 111 115 119 122 125 127 129 131 133 134 136 138 139 140 140 141 141 142 144 145 148 151 154 158 167 176 184 192 199 203 206 209 212 214 215 217 218 219 219 218 217 217 216 215 213 211 209 207 204 202 199 193 194 209 231 261 311 377 456 539 612 637 626 588 493 373 243 120 38 11 28 57 87 99 105 110 113 117 122 126 131 135 138 140 141 143 144 146 148 151 155 158 160 162 162 161 159 157 155 152 149 146 142 139 135 132 127 114 103 98 94 92 90 89 86 84 82 81 81 82 82 83 83 83 84 85 85 85 84 83 83 82 82 81 80 79 78 77 76 74 72 69 66 59 41 23 7 -6 -17 -27 -34 -40 -46 -53 -60 -69 -78 -88 -98 -108 -118 -131 -147 -166 -176 -183 -189 -193 -195 -195 -194 -193 -192 -192 -191 -191 -191 -191 -191 -191 -190 -189 -188 -187 -187 -187 -188 -188 -188 -188 -188 -189 -189 -188 -184 -179 -175 -172 -170 -168 -166 -164 -163 -162 -161 -160 -158 -156 -154 -152 -150 -148 -146 -144 -142 -140 -138 -136 -133 -130 -126 -122 -119 -116 -113 -111 -109 -109 -110 -111 -113 -115 -116 -119 -122 -126 -130 -133 -139 -151 -162 -171 -177 -182 -186 -189 -191 -194 -195 -195 -193 -190 -186 -182 -178 -173 -167 -155 -148 -146 -145 -145 -145 -144 -143 -142 -141 -141 -139 -136 -133 -129 -124 -118 -108 -97 -87 -76 -66 -55 -42 -5 44 112 195 290 382 441 444 398 268 107 -41 -125 -152 -135 -106 -77 -60 -53 -47 -39 -31 -20 2 32 49 61 66 61 51 43 37 31 28 28 29 31 33 34 35 37 37 38 40 41 42 42 42 42 42 42 43 44 45 46 48 51 55 60 64 76 98 111 119 129 140 160 177 182 185 189 191 192 191 186 180 175 170 166 162 157 152 147 144 141 138 134 128 122 116 109 104 96 79 57 47 41 36 30 24 16 4 -10 -18 -23 -27 -31 -37 -42 -45 -48 -50 -52 -54 -55 -55 -55 -55 -54 -52 -50 -47 -44 -40 -37 -34 -31 -27 -23 -21 -22 -26 -32 -41 -56 -83 -96 -103 -110 -114 -116 -116 -114 -112 -108 -105 -102 -99 -95 -90 -87 -84 -81 -77 -72 -64 -52 -41 -35 -31 -28 -25 -24 -24 -28 -33 -39 -47 -59 -76 -83 -85 -86 -87 -88 -89 -90 -91 -91 -92 -92 -92 -92 -92 -92 -92 -91 -90 -89 -88 -86 -85 -84 -83 -83 -83 -82 -81 -80 -78 -77 -76 -74 -71 -68 -64 -60 -56 -52 -49 -45 -41 -37 -33 -32 -31 -32 -33 -35 -37 -40 -44 -47 -45 -38 -21 16 80 166 263 360 445 496 496 446 325 173 27 -66 -87 -85 -73 -68 -64 -60 -58 -53 -36 -4 13 24 30 34 37 41 44 50 60 78 92 99 105 112 119 124 128 131 134 137 140 144 148 151 155 159 164 170 176 184 192 199 207 214 221 226 231 236 249 263 268 271 273 274 274 272 267 261 255 249 242 234 228 224 221 218 215 211 207 201 195 186 174 158 149 140 130 116 98 76 60 50 41 33 10 -19 -36 -47 -54 -62 -70 -84 -94 -96 -97 -98 -98 -97 -93 -88 -84 -80 -76 -71 -68 -66 -67 -70 -74 -78 -80 -83 -86 -89 -91 -92 -89 -86 -81 -77 -73 -68 -61 -55 -50 -45 -41 -37 -32 -28 -27 -28 -32 -38 -45 -50 -57 -64 -69 -73 -77 -84 -99 -110 -116 -120 -123 -123 -121 -118 -112 -106 -93 -74 -67 -64 -60 -58 -56 -55 -54 -53 -53 -53 -55 -57 -60 -62 -65 -68 -73 -78 -82 -86 -90 -93 -95 -98 -101 -102 -101 -98 -93 -88 -80 -68 -64 -63 -61 -60 -60 -65 -68 -71 -74 -74 -73 -70 -64 -56 -40 -31 -27 -22 -17 -12 -5 6 23 37 49 65 95 141 202 282 378 482 582 645 648 605 488 341 198 79 0 -28 -37 -29 -4 23 38 44 47 49 51 53 56 59 61 63 65 68 73 77 79 80 77 74 70 65 59 55 57 62 65 67 70 72 73 72 71 71 69 68 65 61 74 85 92 98 105 111 116 118 120 123 125 127 129 130 132 133 134 135 136 136 135 135 134 133 132 131 129 128 126 124 123 121 115 99 86 76 67 58 49 37 20 0 -15 -23 -29 -38 -45 -49 -52 -55 -59 -62 -64 -66 -67 -68 -69 -70 -72 -72 -73 -73 -74 -75 -77 -79 -81 -81 -82 -82 -82 -81 -79 -76 -73 -69 -66 -63 -60 -57 -52 -48 -44 -40 -38 -36 -33 -30 -28 -26 -25 -24 -24 -23 -22 -21 -19 -18 -17 -15 -13 -12 -10 -9 -7 -6 -5 -3 -2 0 1 3 5 7 9 12 14 16 17 17 17 16 16 15 14 12 11 9 8 6 5 3 0 -1 0 2 5 8 10 12 13 15 16 18 20 23 24 26 28 29 30 31 32 34 35 37 38 40 43 45 46 47 48 49 50 52 54 58 61 71 90 117 159 220 297 388 478 537 543 510 403 251 89 -47 -137 -180 -184 -159 -108 -61 -18 5 15 19 23 25 27 29 31 33 34 34 35 34 35 35 36 38 39 40 41 42 44 47 50 53 54 57 59 61 61 60 55 50 44 39 32 25 22 24 28 34 38 43 48 54 59 66 72 78 85 92 98 103 106 109 112 115 118 120 122 123 123 122 122 120 117 113 108 103 95 80 66 48 29 14 -5 -23 -34 -40 -43 -45 -46 -47 -48 -49 -51 -53 -56 -59 -61 -65 -69 -70 -69 -68 -66 -65 -63 -60 -59 -58 -59 -59 -60 -61 -64 -68 -60 -56 -53 -51 -49 -48 -47 -45 -42 -39 -36 -34 -31 -30 -27 -24 -20 -16 -14 -14 -14 -14 -14 -13 -14 -14 -16 -16 -16 -16 -15 -14 -12 -10 -10 -12 -15 -17 -18 -14 -6 2 13 20 24 27 29 31 32 32 29 24 17 5 -10 -16 -19 -22 -24 -25 -24 -22 -18 -15 -13 -11 -9 -7 -5 -4 -3 -2 -2 -2 -2 -2 -3 -4 -4 -5 -6 -7 -8 -10 -14 -14 -7 -2 0 2 4 7 9 10 12 14 15 18 30 64 114 179 260 349 430 475 476 435 330 184 26 -110 -200 -231 -206 -151 -94 -61 -50 -57 -78 