# Created by Octave 4.4.1, Sun Dec 02 20:34:51 2018 GMT <unknown@LAPTOP-9B89P8SL>
# name: val
# type: matrix
# rows: 1
# columns: 9000
 621 753 902 1051 1173 1229 1227 1204 1195 1188 1180 1170 1161 1150 1136 1116 1101 1091 1061 999 937 916 899 883 867 852 839 828 810 778 739 702 663 634 624 620 618 615 613 609 605 603 600 596 590 577 548 492 452 441 432 422 413 395 372 348 352 381 396 387 361 315 302 291 278 268 259 251 244 236 228 222 213 197 172 133 91 34 -22 -61 -73 -80 -81 -75 -66 -50 -21 14 44 60 71 77 77 71 60 43 17 -1 -17 -37 -55 -71 -71 -57 -44 -32 -34 -53 -66 -76 -84 -92 -99 -106 -113 -122 -137 -144 -140 -129 -119 -109 -100 -94 -87 -75 -62 -79 -107 -137 -167 -195 -224 -249 -267 -280 -279 -264 -223 -166 -123 -105 -87 -63 -26 9 33 35 21 -15 -71 -122 -156 -196 -232 -269 -298 -317 -330 -308 -271 -236 -216 -203 -197 -203 -217 -231 -249 -273 -298 -321 -330 -337 -344 -348 -348 -338 -321 -294 -265 -248 -237 -257 -289 -322 -350 -380 -414 -437 -454 -451 -403 -334 -269 -214 -180 -156 -141 -129 -118 -108 -100 -91 -79 -64 -36 0 29 56 96 147 177 206 236 257 270 281 292 309 337 371 402 451 505 565 624 674 689 697 703 707 710 713 719 728 740 768 816 885 970 1050 1098 1114 1122 1123 1118 1109 1080 1033 987 971 972 987 1008 1037 1066 1094 1122 1146 1158 1167 1171 1166 1155 1144 1132 1127 1130 1139 1154 1149 1116 1085 1051 1018 986 951 911 883 864 852 876 904 927 926 901 873 845 828 807 780 752 718 686 664 663 683 698 708 717 724 728 732 736 744 753 743 713 652 595 569 557 550 545 543 545 552 562 581 604 616 626 625 607 580 547 514 499 499 499 497 495 493 491 488 484 479 472 464 454 442 419 406 416 434 446 456 464 469 469 467 462 455 445 423 389 369 355 348 355 369 377 385 392 395 393 387 376 340 291 237 223 219 216 218 235 249 261 270 271 269 262 246 196 165 133 104 84 68 46 15 -23 -64 -91 -107 -117 -109 -96 -101 -150 -193 -209 -210 -204 -193 -199 -250 -304 -322 -330 -334 -350 -415 -507 -583 -603 -607 -610 -599 -586 -576 -578 -594 -616 -641 -655 -663 -675 -692 -723 -743 -748 -752 -738 -719 -706 -730 -770 -805 -826 -842 -865 -897 -928 -944 -955 -960 -955 -946 -940 -935 -931 -928 -925 -923 -923 -925 -927 -930 -934 -938 -945 -954 -963 -968 -972 -975 -978 -979 -980 -981 -980 -979 -976 -972 -967 -947 -899 -874 -850 -828 -814 -804 -800 -805 -822 -870 -923 -942 -940 -917 -882 -846 -817 -790 -764 -740 -720 -708 -723 -740 -754 -754 -738 -716 -681 -652 -635 -627 -626 -626 -625 -624 -640 -656 -668 -673 -668 -656 -638 -609 -579 -546 -508 -480 -468 -461 -455 -452 -453 -457 -462 -470 -481 -466 -442 -415 -398 -386 -382 -393 -413 -435 -460 -461 -434 -361 -241 -93 54 156 172 153 6 -196 -370 -450 -456 -407 -316 -243 -218 -212 -208 -206 -204 -201 -196 -191 -187 -182 -177 -169 -157 -148 -142 -137 -130 -126 -130 -138 -145 -155 -154 -133 -101 -70 -50 -27 1 26 43 55 55 37 11 -24 -47 -61 -69 -68 -60 -47 -23 7 26 41 57 68 75 80 86 92 98 105 125 143 151 155 137 122 114 109 106 103 99 96 93 90 88 85 83 81 81 83 87 93 102 134 177 192 178 136 71 25 0 -11 -19 -25 -27 -25 -18 -3 45 100 127 135 132 113 101 92 85 81 79 80 84 89 97 110 128 136 140 144 145 147 152 156 161 169 183 209 232 249 274 296 317 319 308 279 225 175 131 105 80 53 32 17 18 38 50 59 68 74 78 78 76 71 66 61 56 51 44 38 32 26 21 16 10 0 -7 -7 -1 8 21 40 60 72 78 83 87 92 98 104 110 117 125 137 144 139 129 120 112 104 99 92 68 16 -2 7 38 86 110 131 154 195 249 315 394 468 495 507 519 538 560 580 609 659 685 695 700 703 705 708 713 717 722 730 742 790 868 959 1072 1249 1555 2013 2581 3169 3651 3923 3969 3805 3494 3144 2829 2544 2262 1988 1769 1621 1536 1490 1466 1427 1379 1324 1270 1208 1133 1055 983 914 846 783 729 676 624 574 546 525 508 491 469 444 408 363 310 258 225 189 155 129 110 98 86 72 54 30 -3 -41 -73 -120 -168 -218 -248 -268 -279 -288 -296 -303 -308 -314 -320 -329 -338 -350 -370 -396 -410 -417 -424 -433 -440 -449 -468 -489 -496 -500 -503 -504 -503 -501 -499 -498 -497 -495 -491 -488 -488 -492 -498 -507 -516 -530 -529 -513 -494 -477 -499 -537 -578 -600 -613 -623 -627 -628 -626 -620 -610 -575 -511 -481 -464 -451 -453 -474 -488 -498 -507 -513 -515 -513 -505 -495 -482 -464 -434 -414 -389 -352 -308 -262 -213 -161 -123 -98 -88 -95 -111 -133 -169 -202 -226 -244 -267 -294 -317 -331 -310 -284 -261 -242 -219 -173 -141 -128 -117 -110 -104 -100 -99 -99 -100 -100 -101 -102 -104 -107 -109 -111 -112 -112 -111 -108 -105 -101 -94 -84 -65 -23 16 42 54 62 69 73 64 49 36 22 13 12 20 32 45 64 88 109 126 142 157 177 200 218 237 252 227 185 159 148 141 167 192 208 222 233 245 291 346 366 365 341 320 299 289 293 301 307 310 314 317 322 328 337 351 377 414 443 474 505 541 566 582 591 592 584 574 565 555 547 547 554 567 586 621 661 706 760 810 844 866 880 889 901 914 889 868 855 844 836 830 827 824 819 812 814 835 852 867 881 894 907 931 960 971 977 983 986 988 986 980 969 953 896 826 804 796 790 814 834 849 860 865 862 852 837 812 762 696 660 650 645 639 633 627 617 598 563 545 538 532 529 526 521 515 510 504 499 493 482 455 415 401 395 391 386 380 373 365 354 339 285 225 167 106 39 -27 -98 -141 -169 -183 -196 -209 -222 -236 -252 -269 -286 -298 -310 -326 -345 -364 -375 -383 -390 -395 -396 -396 -394 -390 -385 -378 -371 -362 -349 -339 -339 -351 -366 -379 -391 -402 -409 -414 -419 -425 -432 -435 -425 -404 -384 -361 -344 -331 -309 -271 -239 -219 -210 -216 -230 -251 -286 -313 -330 -342 -350 -355 -361 -370 -369 -351 -332 -314 -315 -333 -349 -362 -375 -384 -391 -422 -488 -526 -549 -563 -573 -577 -577 -571 -563 -554 -544 -527 -518 -527 -543 -551 -557 -562 -565 -568 -571 -573 -575 -577 -577 -576 -574 -572 -570 -568 -565 -561 -557 -552 -548 -543 -539 -535 -530 -526 -524 -523 -522 -521 -518 -516 -513 -510 -508 -509 -511 -514 -518 -525 -536 -517 -487 -450 -427 -413 -403 -401 -408 -424 -441 -454 -467 -480 -490 -497 -503 -508 -513 -518 -523 -527 -530 -529 -525 -517 -507 -496 -473 -434 -415 -403 -395 -390 -388 -392 -400 -411 -423 -439 -463 -476 -482 -490 -497 -501 -489 -464 -440 -415 -393 -376 -349 -307 -258 -214 -174 -134 -108 -92 -83 -83 -92 -106 -129 -165 -194 -214 -220 -226 -233 -232 -217 -193 -164 -150 -144 -140 -137 -134 -130 -124 -118 -113 -108 -102 -93 -74 -36 -2 37 87 120 132 140 147 152 153 150 144 139 132 133 151 200 265 332 350 362 371 379 385 390 395 398 403 408 414 420 426 436 450 450 436 427 419 411 406 407 414 423 433 448 468 475 480 486 491 490 476 456 438 418 402 392 384 377 370 362 353 340 323 299 277 265 259 254 248 242 235 228 223 218 213 205 196 186 177 168 156 140 131 134 142 153 166 140 118 104 93 85 79 75 71 63 50 48 60 73 86 84 55 34 15 0 -5 -8 -10 -11 -13 -15 -17 -18 -19 -19 -19 -20 -22 -24 -25 -25 -26 -26 -26 -26 -28 -29 -30 -31 -33 -35 -38 -41 -45 -49 -53 -57 -62 -66 -70 -72 -74 -77 -81 -86 -90 -94 -97 -100 -101 -101 -100 -97 -93 -87 -81 -76 -69 -62 -52 -35 -21 -15 -12 -9 -5 0 6 17 33 65 96 112 123 97 17 -101 -236 -359 -430 -435 -389 -286 -180 -108 -82 -87 -121 -146 -164 -180 -195 -206 -220 -252 -283 -293 -300 -305 -307 -302 -291 -278 -267 -253 -235 -211 -191 -171 -154 -146 -149 -158 -168 -177 -190 -197 -191 -178 -169 -162 -155 -150 -149 -151 -153 -155 -157 -160 -166 -163 -138 -112 -86 -66 -52 -42 -33 -27 -22 -17 -13 -10 -7 -3 0 6 14 26 50 91 118 133 145 156 166 176 188 196 200 202 204 207 209 211 212 213 215 217 220 223 224 225 227 228 230 232 234 236 238 241 245 250 254 258 266 279 280 267 254 242 237 246 264 277 289 298 301 296 285 269 242 199 159 136 129 125 122 118 116 113 109 103 97 90 84 78 74 70 65 60 54 47 41 36 30 25 18 2 -35 -67 -87 -94 -99 -102 -104 -107 -110 -112 -114 -116 -121 -127 -134 -139 -142 -144 -146 -149 -153 -159 -164 -168 -171 -173 -173 -172 -171 -169 -164 -159 -153 -147 -141 -134 -113 -74 -41 -5 22 41 49 45 32 -6 -66 -140 -169 -178 -182 -186 -188 -191 -193 -194 -193 -192 -190 -187 -183 -177 -169 -161 -142 -110 -94 -84 -78 -78 -87 -100 -112 -124 -135 -143 -151 -162 -176 -175 -152 -129 -107 -95 -87 -82 -76 -73 -74 -81 -90 -96 -101 -106 -111 -114 -113 -107 -96 -85 -74 -66 -58 -49 -40 -31 -24 -19 -15 -12 -9 -6 -5 -5 -4 -1 3 9 8 -2 -19 -39 -64 -77 -84 -90 -96 -101 -104 -105 -103 -98 -94 -88 -79 -80 -98 