# Created by Octave 4.4.1, Sun Dec 02 20:33:54 2018 GMT <unknown@LAPTOP-9B89P8SL>
# name: val
# type: matrix
# rows: 1
# columns: 9000
 -81 -96 -107 -116 -123 -129 -133 -136 -138 -139 -141 -142 -144 -144 -143 -138 -130 -122 -115 -110 -105 -101 -98 -96 -93 -89 -85 -81 -77 -75 -73 -72 -71 -69 -67 -66 -64 -62 -59 -55 -51 -49 -48 -48 -49 -51 -54 -58 -64 -65 -60 -56 -53 -51 -50 -49 -47 -45 -43 -41 -40 -40 -39 -36 -33 -38 -49 -59 -71 -77 -78 -79 -80 -83 -73 -66 -62 -58 -55 -54 -54 -56 -60 -64 -70 -76 -86 -95 -95 -88 -79 -70 -60 -50 -41 -31 -13 12 31 46 63 75 84 91 93 90 83 72 59 39 26 -4 -73 -175 -306 -463 -628 -764 -841 -864 -848 -805 -691 -529 -339 -148 19 143 190 197 204 211 216 220 223 226 228 229 230 229 227 225 224 222 221 220 219 220 219 219 217 216 214 212 209 206 203 202 201 199 198 196 194 191 189 185 180 175 169 164 160 156 153 149 145 140 126 99 86 80 76 73 71 67 63 58 53 48 41 32 17 3 -8 -21 -32 -44 -55 -65 -75 -85 -96 -110 -127 -149 -168 -181 -192 -199 -202 -199 -192 -182 -170 -151 -133 -116 -98 -80 -68 -60 -54 -48 -44 -40 -36 -31 -26 -21 -17 -13 -9 -5 -1 0 1 1 1 0 -1 -4 -7 -11 0 9 15 19 22 23 24 24 26 27 28 29 30 30 31 31 31 32 31 30 27 42 54 62 69 72 72 67 60 52 39 22 15 11 8 6 5 4 3 4 6 12 21 32 51 86 121 148 167 181 197 207 213 219 224 227 227 225 221 217 213 209 205 200 195 190 186 183 180 175 167 153 133 118 106 97 90 85 79 73 71 78 91 101 113 125 136 150 165 175 181 186 190 195 201 207 214 221 227 228 221 209 177 115 9 -144 -336 -536 -710 -832 -888 -889 -839 -732 -590 -417 -220 -21 148 261 300 315 314 302 297 295 293 292 290 289 288 287 285 283 281 277 273 270 267 266 265 264 262 261 259 257 254 250 246 242 238 234 230 226 222 220 218 215 208 192 179 170 163 159 154 149 144 139 135 131 126 118 103 82 66 53 42 34 28 20 12 2 -12 -29 -49 -65 -86 -113 -139 -167 -184 -192 -199 -203 -206 -207 -208 -209 -211 -212 -213 -214 -213 -209 -200 -189 -173 -149 -129 -116 -106 -98 -90 -80 -71 -65 -61 -59 -58 -56 -55 -54 -53 -51 -49 -46 -44 -43 -41 -38 -37 -35 -33 -31 -28 -24 -10 13 22 27 30 32 34 34 31 27 21 13 3 -2 5 19 28 35 40 45 48 48 45 41 36 32 27 19 10 4 4 6 9 10 10 9 9 9 10 10 11 10 10 11 12 12 12 12 14 16 18 19 19 20 23 29 35 39 40 36 30 24 18 10 1 -6 -13 -20 -26 -34 -41 -49 -57 -63 -69 -76 -82 -86 -88 -86 -81 -75 -67 -53 -24 1 20 38 49 59 67 71 69 62 51 32 10 1 -2 -6 -13 -21 -33 -73 -162 -306 -503 -740 -983 -1180 -1246 -1229 -1081 -815 -504 -224 -19 96 139 153 162 167 168 167 165 163 159 155 160 166 172 170 155 137 119 108 100 94 90 92 96 99 102 104 106 105 99 90 81 73 63 53 46 45 48 53 59 64 70 76 80 77 68 56 41 18 1 -8 -17 -24 -29 -35 -38 -42 -49 -62 -89 -105 -112 -118 -123 -128 -132 -136 -140 -146 -155 -168 -186 -212 -249 -288 -319 -338 -353 -375 -390 -402 -411 -415 -412 -406 -397 -386 -369 -348 -326 -304 -288 -275 -264 -252 -239 -233 -230 -227 -226 -225 -224 -222 -220 -218 -215 -213 -211 -209 -207 -205 -203 -202 -200 -195 -182 -172 -165 -159 -154 -149 -143 -135 -127 -118 -110 -100 -91 -86 -83 -81 -79 -78 -76 -73 -70 -67 -64 -60 -55 -51 -47 -44 -41 -38 -35 -31 -27 -23 -19 -15 -12 -8 -6 -3 0 1 5 9 13 17 21 24 27 29 31 34 37 41 48 54 54 47 38 33 28 24 20 16 13 10 7 4 0 -2 -5 -7 -11 -19 -26 -26 -19 -10 -4 0 2 6 10 14 18 23 29 41 67 89 102 115 126 136 146 152 155 157 161 164 161 145 102 34 -68 -210 -395 -615 -845 -1052 -1171 -1175 -1074 -818 -512 -211 41 220 298 327 330 317 298 271 251 238 231 236 246 253 258 263 267 266 263 257 253 250 249 247 244 242 240 239 238 237 236 235 234 232 231 231 229 227 224 221 218 215 211 205 191 176 159 147 137 128 120 113 107 100 94 87 81 74 67 61 53 46 38 31 23 7 -16 -40 -67 -89 -102 -114 -123 -131 -138 -145 -152 -160 -171 -186 -200 -212 -222 -226 -217 -199 -179 -154 -135 -117 -98 -74 -63 -56 -50 -46 -42 -38 -36 -33 -30 -27 -24 -21 -18 -16 -14 -11 -8 -5 -3 -2 -1 -1 -1 -1 0 1 3 5 8 12 16 20 24 28 30 32 34 36 38 40 43 46 51 55 60 64 66 67 67 66 64 63 61 59 58 57 55 54 53 51 50 49 48 46 44 42 41 39 37 34 31 26 24 24 27 31 36 40 47 53 53 46 37 34 31 30 29 28 25 22 18 15 12 9 6 2 -2 -6 -9 -12 -17 -25 -36 -44 -47 -45 -40 -34 -29 -25 -20 -13 -5 2 9 16 23 31 41 49 56 62 67 73 81 89 93 90 82 71 39 -38 -155 -317 -526 -771 -1025 -1238 -1311 -1292 -1123 -842 -522 -233 -25 95 153 171 184 195 204 214 221 224 220 209 197 191 186 182 178 174 169 163 158 153 148 143 139 136 134 131 129 127 124 122 118 114 109 105 101 97 93 90 87 85 83 81 80 78 76 72 68 64 59 51 41 32 24 17 9 0 -9 -20 -30 -41 -56 -75 -99 -116 -128 -139 -151 -162 -172 -181 -190 -198 -207 -214 -221 -227 -235 -245 -252 -253 -247 -235 -217 -188 -158 -125 -102 -91 -82 -73 -65 -57 -50 -41 -29 -16 0 19 41 55 62 66 70 73 76 77 77 75 71 68 65 61 52 47 52 63 70 77 83 88 90 89 88 85 83 80 78 75 73 71 69 69 68 68 68 70 72 75 79 82 84 87 91 95 97 97 92 85 78 71 65 59 53 47 41 39 39 40 42 45 48 51 54 59 63 66 68 69 68 65 60 53 44 32 11 3 0 -1 -3 -5 -7 -10 -12 -15 -19 -24 -30 -38 -51 -61 -67 -73 -81 -85 -79 -65 -54 -45 -36 -26 -17 -9 0 8 18 28 38 52 79 113 130 141 148 150 147 138 125 103 72 28 -34 -138 -291 -496 -739 -976 -1152 -1215 -1139 -923 -617 -298 -35 151 270 340 363 373 380 359 332 308 282 269 262 256 252 248 243 237 232 228 225 222 219 216 213 210 207 203 198 194 191 191 192 195 200 205 210 218 233 234 218 195 162 137 123 110 98 91 86 81 77 73 69 65 60 55 49 43 35 26 11 -2 -11 -19 -37 -64 -83 -95 -106 -117 -128 -141 -159 -181 -193 -200 -207 -212 -215 -216 -216 -215 -212 -207 -201 -193 -180 -157 -139 -127 -118 -110 -101 -88 -74 -62 -56 -52 -48 -45 -43 -41 -39 -37 -35 -33 -31 -29 -28 -27 -25 -24 -23 -22 -23 -24 -25 -24 -23 -21 -19 -16 -14 -12 -10 -7 -3 1 12 36 37 37 38 40 40 31 20 11 2 -4 -10 -10 -9 -8 -6 -4 -2 0 2 4 7 9 11 13 15 16 16 16 16 16 18 19 21 22 22 19 14 9 4 0 -5 -11 -16 -19 -21 -20 -17 -13 -10 -7 -4 0 4 7 10 10 9 4 -1 -9 -19 -35 -61 -71 -78 -84 -87 -77 -57 -44 -34 -24 -16 -9 -4 0 5 10 15 21 28 35 43 51 61 73 78 75 64 33 -47 -184 -375 -604 -850 -1074 -1215 -1228 -1157 -939 -651 -356 -108 72 187 214 224 222 205 195 187 180 175 171 168 164 158 149 145 154 169 179 186 192 196 198 197 192 185 176 168 164 160 157 154 150 147 143 140 136 133 130 128 126 125 124 124 123 121 118 114 106 96 85 71 58 44 33 25 18 10 2 -6 -18 -32 -42 -51 -61 -71 -82 -92 -102 -113 -126 -139 -155 -172 -188 -200 -212 -224 -235 -241 -243 -241 -236 -230 -223 -213 -199 -172 -149 -133 -122 -111 -100 -87 -74 -60 -46 -33 -20 -9 -1 5 12 17 20 21 20 18 14 11 8 6 2 -2 -6 -8 -7 -3 2 8 13 17 22 26 30 32 33 32 31 29 26 24 22 20 18 15 12 9 7 6 6 6 5 5 4 4 5 5 4 3 2 0 0 1 2 3 4 5 7 8 10 11 12 14 14 16 17 20 22 24 25 25 22 15 6 -5 -22 -50 -75 -85 -92 -98 -103 -107 -111 -114 -116 -117 -117 -116 -113 -109 -104 -98 -93 -88 -83 -79 -75 -72 -69 -66 -63 -60 -56 -53 -50 -49 -49 -49 -50 -51 -54 -57 -63 -68 -74 -98 -164 -275 -433 -630 -859 -1091 -1284 -1355 -1336 -1168 -881 -553 -265 -61 42 79 94 113 134 146 153 157 159 157 154 151 149 148 147 146 145 144 144 144 144 144 143 143 142 142 141 141 139 137 136 134 134 133 132 130 129 127 126 124 122 121 119 117 116 114 113 112 110 108 105 102 99 94 89 83 71 45 26 9 -9 -35 -56 -73 -88 -98 -107 -117 -132 -155 -175 -191 -207 -223 -231 -238 -244 -250 -253 -255 -254 -252 -248 -244 -239 -235 -230 -222 -213 -203 -192 -177 -157 -143 -124 -99 -78 -64 -57 -52 -47 -44 -43 -50 -61 -79 -103 -111 -114 -116 -119 -121 -124 -126 -127 -127 -127 -127 -128 -129 -130 -131 -134 -140 -128 -122 -119 -115 -112 -111 -110 -109 -108 -108 -106 -105 -105 -105 -106 -105 -102 -99 -106 -120 -138 -158 -170 -177 -184 -189 -193 -191 -184 -175 -166 -156 -147 -147 -150 -153 -156 -160 -163 -164 -162 -156 -148 -138 -124 -118 -114 -109 -106 -110 -121 -133 -148 -163 -178 -193 -212 -227 -242 -248 -248 -248 -248 -247 -246 -245 -237 -225 -210 -191 -179 -167 -155 -141 -134 -128 -124 -121 -119 -117 -116 -116 -117 -119 -122 -126 -132 -139 -152 -183 -245 -344 -494 -687 -916 -1145 -1323 -1387 -1374 -1243 -994 -687 -391 -139 30 99 122 107 59 -4 -52 -71 -72 -61 -30 16 38 49 57 62 63 60 56 51 44 57 78 108 125 132 136 141 145 150 155 160 165 170 174 179 182 186 189 194 198 203 207 210 211 212 211 208 205 200 195 190 