# Created by Octave 4.4.1, Sun Dec 02 20:29:21 2018 GMT <unknown@LAPTOP-9B89P8SL>
# name: val
# type: matrix
# rows: 1
# columns: 9000
 128 157 189 226 250 257 262 265 268 269 268 266 263 260 258 257 255 252 249 246 244 241 238 235 231 227 223 219 217 213 209 205 200 196 192 190 188 188 189 191 194 198 202 206 209 212 216 219 224 229 234 237 236 233 228 222 217 213 209 206 203 200 197 195 193 191 190 189 188 188 188 188 190 192 196 199 202 204 207 209 211 212 213 214 214 216 218 220 223 225 228 230 232 234 234 234 235 236 237 239 241 242 244 246 249 252 254 255 254 251 247 241 234 226 215 198 185 175 168 164 160 156 153 149 145 140 134 128 120 109 91 78 67 62 59 55 51 48 45 43 40 38 36 35 35 36 36 38 39 41 43 45 48 53 58 85 128 190 273 371 469 553 607 626 626 606 553 465 361 254 159 83 21 -12 -25 -29 -32 -34 -36 -38 -39 -40 -41 -42 -43 -42 -41 -40 -40 -40 -40 -41 -41 -41 -42 -43 -44 -44 -43 -41 -40 -39 -37 -36 -35 -34 -34 -33 -32 -31 -28 -25 -22 -18 -15 -11 -7 -4 -2 0 0 1 2 4 4 5 6 7 8 8 8 8 7 7 6 5 4 3 1 0 -2 -5 -7 -9 -12 -14 -15 -17 -20 -23 -27 -32 -38 -45 -51 -56 -61 -65 -70 -75 -81 -89 -98 -107 -114 -122 -129 -136 -142 -146 -148 -150 -151 -152 -153 -153 -153 -153 -154 -154 -153 -152 -149 -147 -144 -143 -143 -142 -140 -139 -138 -137 -136 -135 -134 -133 -132 -130 -129 -127 -124 -122 -120 -117 -115 -112 -108 -105 -102 -100 -98 -96 -95 -93 -91 -89 -88 -87 -87 -87 -87 -86 -86 -86 -86 -86 -86 -85 -82 -80 -78 -76 -76 -76 -76 -77 -76 -76 -74 -73 -71 -69 -67 -65 -63 -62 -62 -64 -66 -70 -75 -78 -75 -70 -68 -67 -66 -65 -64 -62 -60 -59 -58 -57 -57 -56 -56 -55 -54 -53 -52 -52 -51 -51 -51 -50 -50 -50 -50 -50 -50 -49 -48 -48 -47 -45 -44 -42 -41 -39 -38 -36 -35 -34 -32 -30 -28 -26 -23 -20 -17 -15 -13 -12 -11 -10 -8 -6 -4 -2 0 4 10 17 24 30 36 40 45 49 53 56 58 57 54 48 41 33 26 16 7 0 -5 -10 -13 -16 -19 -22 -24 -26 -28 -30 -31 -32 -32 -31 -30 -29 -29 -29 -28 -27 -27 -25 -23 -21 -18 -15 -11 -6 5 32 73 131 208 296 388 475 546 576 585 563 502 417 317 216 124 47 -13 -41 -49 -54 -56 -57 -56 -55 -53 -51 -50 -49 -48 -46 -44 -43 -42 -42 -43 -44 -45 -46 -48 -51 -53 -55 -56 -58 -59 -60 -59 -51 -41 -30 -23 -17 -12 -8 -4 0 3 6 9 12 15 17 19 21 23 25 29 34 39 45 49 53 58 62 67 71 75 79 83 88 93 98 102 107 112 116 117 114 107 97 87 76 60 46 37 30 25 20 16 12 6 0 -6 -14 -26 -44 -60 -76 -91 -109 -116 -120 -124 -128 -131 -134 -135 -137 -138 -139 -140 -140 -140 -139 -137 -136 -135 -134 -133 -131 -128 -125 -122 -119 -116 -113 -109 -106 -103 -101 -99 -96 -93 -90 -88 -86 -84 -83 -82 -81 -82 -83 -85 -87 -88 -88 -89 -91 -92 -93 -94 -94 -95 -97 -98 -96 -90 -83 -78 -74 -70 -67 -64 -62 -61 -61 -61 -63 -65 -68 -72 -74 -77 -79 -80 -82 -83 -85 -87 -89 -90 -90 -90 -90 -90 -90 -90 -90 -91 -91 -91 -90 -89 -88 -86 -83 -80 -76 -73 -69 -66 -64 -64 -64 -63 -62 -61 -60 -58 -56 -54 -52 -50 -48 -47 -46 -46 -46 -46 -46 -45 -44 -43 -40 -37 -35 -33 -31 -30 -29 -28 -27 -25 -24 -23 -22 -20 -18 -17 -15 -13 -10 -7 -3 1 10 30 47 57 66 72 76 76 71 63 54 44 29 17 6 1 -1 -4 -7 -10 -13 -16 -18 -20 -20 -21 -20 -20 -19 -19 -19 -18 -17 -17 -16 -14 -12 -9 -7 -4 -1 2 9 27 40 70 117 183 264 359 469 583 685 750 754 709 580 418 259 129 35 -1 -15 -16 -5 1 10 16 17 14 10 8 7 6 5 3 0 -2 -4 -4 -2 0 3 7 11 16 20 24 27 28 30 31 33 35 37 39 42 45 49 52 54 56 57 60 63 66 69 73 76 81 86 92 98 102 105 108 111 114 117 121 124 128 133 137 141 145 148 151 154 157 161 164 166 166 163 156 149 142 136 130 125 119 114 109 105 100 96 92 88 83 76 65 54 43 34 26 20 14 8 1 -4 -8 -11 -13 -16 -18 -20 -22 -23 -24 -26 -29 -31 -34 -36 -38 -41 -44 -47 -49 -52 -54 -57 -60 -64 -67 -69 -70 -69 -68 -65 -60 -55 -50 -45 -40 -38 -35 -33 -30 -28 -26 -24 -22 -20 -17 -15 -13 -11 -9 -8 -6 -4 -3 -2 0 0 2 4 5 7 9 10 13 15 18 19 20 22 23 24 25 26 26 26 27 28 29 31 31 33 34 35 36 38 39 40 41 44 47 51 54 55 53 50 44 38 31 23 11 -1 -10 -18 -30 -44 -62 -81 -99 -116 -132 -148 -165 -175 -181 -186 -190 -193 -196 -199 -203 -207 -210 -213 -216 -218 -222 -226 -230 -233 -234 -232 -228 -222 -216 -210 -204 -197 -191 -184 -178 -173 -168 -162 -156 -149 -143 -137 -131 -125 -119 -115 -111 -108 -105 -103 -100 -97 -94 -92 -91 -89 -87 -85 -82 -79 -77 -75 -72 -67 -61 -54 -47 -41 -34 -27 -17 -8 0 7 15 24 29 26 22 17 13 9 10 19 33 55 90 149 224 317 424 542 660 757 793 786 712 568 392 222 88 18 -2 -13 -21 -28 -33 -37 -40 -44 -48 -51 -52 -51 -45 -37 -30 -25 -22 -20 -17 -15 -12 -10 -8 -5 -2 1 5 9 13 16 19 22 24 27 29 31 34 36 39 42 45 48 50 53 56 58 59 61 62 63 64 65 66 68 70 73 75 77 80 82 86 91 96 100 105 108 110 112 115 117 118 120 121 123 124 125 125 122 116 107 97 85 65 49 44 41 38 36 35 34 33 31 30 30 30 30 30 29 29 29 30 30 31 31 30 30 30 31 32 33 33 33 33 33 33 32 32 32 32 32 32 33 34 36 37 39 40 40 40 40 41 42 43 45 46 48 52 56 59 62 64 65 65 66 66 66 66 66 67 68 69 70 71 71 71 70 69 68 67 65 64 63 62 61 61 60 59 58 57 56 55 53 52 51 50 50 50 51 51 50 50 50 50 50 50 50 51 52 53 54 56 58 59 61 63 64 66 67 68 69 70 71 72 73 72 72 71 69 67 65 63 60 57 55 54 52 51 49 46 42 39 35 31 27 23 19 16 14 13 12 10 9 7 5 3 0 -2 -5 -9 -11 -13 -14 -15 -15 -14 -13 -12 -10 -7 -6 -4 -3 -2 -1 0 3 5 8 15 21 22 17 11 7 5 2 0 -2 -4 -7 -10 -13 -16 -20 -25 -33 -40 -41 -38 -33 -30 -27 -25 -23 -22 -21 -19 -18 -16 -14 -12 -11 -11 -11 -10 -9 -8 -5 -2 2 12 37 81 149 237 343 466 599 723 800 805 752 613 441 279 149 53 6 -9 -17 -18 -12 -2 10 27 39 44 47 50 54 57 59 61 63 65 66 66 65 65 64 64 64 65 66 68 69 71 72 74 75 76 77 79 81 84 86 89 92 95 98 100 101 103 104 105 107 108 109 111 113 115 117 119 120 122 123 125 126 126 127 127 129 131 134 138 141 143 144 145 145 145 143 141 138 135 131 128 124 119 111 102 95 88 78 64 49 37 28 20 13 8 3 0 -3 -6 -8 -11 -13 -17 -20 -23 -26 -29 -32 -35 -38 -41 -44 -46 -48 -50 -52 -55 -58 -62 -71 -91 -107 -118 -128 -138 -145 -150 -154 -157 -161 -165 -170 -174 -178 -181 -185 -189 -192 -195 -197 -200 -202 -204 -205 -207 -208 -208 -209 -212 -216 -219 -219 -212 -204 -193 -180 -174 -172 -170 -169 -168 -167 -167 -167 -166 -166 -165 -164 -163 -162 -160 -159 -157 -155 -153 -151 -148 -145 -140 -133 -126 -120 -115 -109 -103 -92 -79 -76 -76 -75 -74 -74 -73 -73 -73 -73 -73 -74 -75 -78 -81 -86 -90 -100 -122 -145 -167 -180 -187 -192 -196 -200 -205 -210 -217 -229 -242 -251 -258 -263 -266 -266 -262 -255 -244 -224 -194 -168 -144 -122 -102 -87 -75 -59 -48 -40 -33 -29 -25 -22 -18 -10 6 27 46 61 72 85 93 98 102 105 106 105 103 100 95 91 85 75 65 54 48 43 38 34 31 28 26 25 25 26 26 26 26 26 26 26 25 24 23 24 26 28 31 33 36 40 44 50 67 101 156 235 338 458 582 693 777 804 794 716 580 420 262 134 52 29 32 56 74 80 82 84 86 88 90 92 95 99 103 106 109 112 114 116 118 119 120 122 124 127 130 133 136 138 139 141 142 144 146 148 152 163 177 183 186 189 191 193 195 197 198 200 202 204 206 209 211 212 213 214 215 216 217 219 222 226 230 233 235 235 235 234 233 232 231 230 229 227 225 223 221 219 215 211 205 196 178 161 142 124 112 100 87 67 54 45 38 31 24 18 11 0 -14 -27 -37 -45 -51 -56 -59 -61 -63 -66 -69 -70 -70 -69 -68 -67 -66 -65 -62 -59 -56 -54 -54 -56 -58 -60 -61 -63 -65 -68 -71 -73 -73 -72 -71 -70 -69 -67 -63 -72 -78 -81 -85 -88 -90 -90 -87 -82 -78 -74 -70 -67 -64 -60 -58 -56 -55 -56 -57 -58 -60 -62 -65 -69 -73 -78 -83 -85 -85 -81 -73 -63 -44 -16 2 16 28 34 40 44 46 47 44 36 26 17 9 0 -10 -17 -19 -19 -18 -17 -16 -16 -15 -14 -12 -8 -2 3 9 15 21 25 25 20 11 3 -2 -7 -11 -15 -19 -22 -26 -30 -33 -36 -38 -40 -42 -44 -46 -47 -48 -49 -51 -52 -53 -55 -55 -56 -56 -56 -55 -54 -53 -51 -48 -45 -42 -39 -35 -31 -26 -21 -17 -13 -9 -5 -1 1 3 5 7 10 12 15 18 19 21 21 21 21 19 17 13 10 7 3 0 -3 -7 -15 -22 -27 -32 -36 -39 -41 -44 -47 -48 -49 -50 -51 -52 -52 -52 -51 -49 -47 -45 -42 -38 -34 -29 -24 -15 4 22 66 132 223 333 451 562 650 679 672 604 478 325 178 50 -45 -81 -94 -93 -80 -75 -73 -70 -68 -66 -65 -65 -65 -64 -64 -63 -63 -63 -63 -62 -61 -59 -57 -55 -53 -52 -51 -50 -49 -48 -46 -45 -43 -40 -37 -32 -28 -24 -20 -16 -12 -9 -7 -5 -3 -2 0 1 4 7 12 16 21 26 32 37 43 48 55 61 67 71 74 76 78 79 81 83 85 86 88 88 89 90 90 90 89 86 82 78 73 68 63 58 53 48 43 37 31 24 17 10 4 -1 -5 -9 -14 -19 -25 -35 -43 -48 -51 -52 -53 -54 