# Created by Octave 4.4.1, Sun Dec 02 20:29:54 2018 GMT <unknown@LAPTOP-9B89P8SL>
# name: val
# type: matrix
# rows: 1
# columns: 18000
 56 73 85 93 100 107 113 117 118 117 115 113 111 109 104 101 107 121 134 147 153 156 159 162 165 167 169 171 173 176 178 181 183 186 190 194 195 191 182 165 114 38 -55 -158 -244 -283 -295 -284 -252 -192 -113 -16 87 180 254 278 285 289 292 294 295 292 286 278 270 264 258 253 247 242 237 232 227 223 220 215 209 195 172 160 154 150 146 142 139 137 134 131 128 125 124 122 120 114 98 77 61 50 41 32 24 16 9 3 0 -5 -9 -14 -19 -23 -28 -35 -44 -52 -60 -68 -76 -83 -92 -100 -105 -105 -101 -94 -84 -68 -42 -24 -9 10 32 52 64 69 73 76 78 80 82 84 87 89 91 93 95 97 99 101 103 105 107 109 110 111 112 111 111 111 110 109 108 107 107 107 107 108 109 109 108 107 106 104 102 100 98 96 94 92 90 89 87 87 87 85 83 80 76 73 69 66 63 59 56 54 52 51 50 48 45 42 37 30 22 15 11 8 7 7 6 4 3 3 3 4 4 5 5 7 10 13 16 17 18 19 20 23 24 26 26 28 30 32 34 36 38 42 47 54 61 67 73 78 81 84 87 89 89 90 90 91 93 94 95 96 97 99 101 103 105 105 106 107 109 112 114 119 127 135 135 125 109 84 46 -14 -91 -180 -267 -329 -351 -352 -338 -300 -243 -174 -96 -14 62 127 148 154 157 160 162 163 160 153 146 141 138 135 132 129 126 124 123 122 120 119 117 116 116 115 114 112 111 110 108 107 105 103 102 100 97 95 92 88 79 68 59 51 42 33 24 14 4 -4 -14 -25 -40 -46 -49 -50 -50 -50 -49 -48 -48 -49 -50 -52 -53 -54 -55 -55 -56 -56 -57 -58 -60 -64 -69 -68 -60 -48 -32 -12 6 15 22 27 31 35 38 42 46 48 51 54 57 60 63 67 71 74 78 81 83 86 87 88 89 89 90 91 94 96 98 99 99 98 97 96 93 89 86 84 88 92 93 95 97 100 102 105 108 110 112 113 113 113 112 112 111 111 110 110 111 113 115 117 119 120 122 123 123 123 122 120 118 116 113 111 109 108 107 106 106 105 103 101 98 95 91 87 83 80 77 76 74 72 70 68 64 55 50 57 69 80 92 101 107 110 111 113 115 116 117 118 120 121 123 125 126 126 125 125 126 127 129 133 139 145 145 138 125 86 34 -36 -123 -217 -307 -380 -404 -393 -359 -254 -129 -10 89 159 192 210 222 227 223 210 192 161 125 104 94 87 89 106 115 119 124 129 133 137 140 142 144 145 146 146 146 146 146 147 149 150 148 141 131 119 100 80 68 60 54 50 46 42 38 35 32 28 23 16 5 -6 -19 -31 -43 -54 -64 -81 -106 -134 -166 -200 -234 -266 -298 -332 -364 -398 -426 -439 -444 -448 -452 -457 -463 -468 -474 -481 -492 -512 -535 -567 -606 -629 -643 -652 -656 -654 -647 -637 -620 -594 -571 -544 -524 -512 -502 -492 -481 -465 -446 -430 -407 -382 -358 -333 -307 -277 -256 -246 -239 -233 -227 -222 -216 -208 -198 -187 -173 -158 -139 -118 -105 -98 -92 -86 -81 -75 -70 -65 -60 -56 -51 -45 -40 -35 -30 -25 -20 -15 -9 -3 4 12 22 33 41 47 53 59 66 73 80 86 93 101 109 117 122 123 124 125 127 130 132 127 119 115 111 107 104 100 97 94 92 91 90 90 90 90 90 90 89 88 86 85 85 90 97 104 109 113 118 122 125 128 131 133 135 136 138 140 141 141 142 142 142 142 143 145 148 150 152 150 145 137 125 102 74 44 -11 -83 -177 -279 -363 -391 -382 -308 -184 -46 74 163 199 214 216 205 194 183 177 177 180 181 181 182 183 185 185 185 183 180 176 172 168 164 163 163 163 163 162 159 156 152 149 146 144 142 141 139 136 129 121 112 102 89 76 63 50 39 31 23 16 8 0 -6 -14 -21 -30 -38 -46 -51 -56 -60 -64 -67 -71 -73 -75 -75 -75 -73 -71 -69 -65 -62 -57 -53 -48 -42 -35 -26 -18 -10 -3 2 7 12 15 18 21 24 27 29 30 30 30 30 30 29 28 27 27 28 29 30 31 31 32 32 32 31 31 31 31 32 33 33 33 33 33 31 29 27 26 23 21 19 18 18 18 19 19 19 20 22 23 25 26 28 30 35 40 46 50 53 56 59 62 65 67 69 70 71 72 72 71 70 68 67 65 63 61 59 56 54 51 48 46 43 41 38 36 35 33 31 28 25 22 19 16 12 9 7 4 2 1 1 1 1 2 3 4 6 8 11 14 17 21 25 30 35 39 43 48 53 59 65 70 74 77 78 79 79 78 76 74 70 66 61 55 43 13 -40 -118 -217 -323 -417 -459 -474 -449 -373 -263 -144 -32 61 92 100 106 109 111 111 108 103 97 92 88 84 79 76 74 72 70 67 65 62 59 57 55 53 51 48 45 42 38 35 31 28 25 21 16 11 7 3 0 -2 -6 -11 -15 -21 -27 -38 -50 -64 -77 -85 -91 -96 -100 -105 -109 -113 -118 -123 -129 -134 -138 -142 -146 -152 -161 -171 -178 -178 -174 -166 -157 -145 -126 -107 -90 -76 -62 -50 -40 -33 -27 -21 -15 -6 1 8 13 18 23 26 30 34 37 39 40 40 39 38 37 35 34 33 31 30 29 28 27 24 21 20 21 23 26 28 32 37 42 45 44 39 34 30 25 20 17 17 19 22 25 26 27 28 30 32 33 35 36 36 36 36 35 34 33 32 31 31 31 32 33 34 34 34 34 33 33 33 33 33 33 33 34 36 37 38 39 40 40 41 42 42 42 41 43 48 47 30 21 15 9 3 0 -3 -4 -6 -8 -9 -10 -10 -10 -10 -10 -11 -12 -10 -2 8 19 32 43 52 56 58 61 64 67 69 71 73 75 75 75 75 74 73 71 69 66 62 58 53 49 23 -17 -76 -151 -236 -325 -411 -463 -481 -454 -372 -232 -83 41 123 150 160 163 154 138 129 122 115 109 104 101 99 98 97 97 98 98 99 99 99 98 97 95 94 90 86 81 76 72 68 65 61 57 54 50 46 42 39 35 31 26 19 5 -9 -23 -34 -45 -56 -65 -74 -84 -97 -111 -121 -129 -137 -144 -149 -154 -159 -162 -165 -168 -172 -175 -177 -177 -175 -170 -164 -156 -149 -139 -123 -110 -99 -93 -88 -85 -82 -78 -74 -70 -66 -63 -60 -58 -55 -52 -48 -45 -42 -40 -39 -37 -34 -31 -28 -26 -26 -27 -30 -33 -35 -36 -37 -39 -41 -42 -43 -45 -46 -49 -51 -53 -53 -53 -53 -54 -55 -56 -57 -59 -60 -62 -63 -64 -64 -62 -58 -53 -47 -39 -24 -9 -4 0 1 3 5 6 7 9 9 9 9 10 10 10 10 11 11 11 11 11 11 11 12 12 13 13 13 13 13 14 18 21 21 16 8 -2 -15 -16 -17 -19 -20 -22 -22 -19 -14 -9 -4 2 6 4 -1 -3 -6 -8 -11 -12 -12 -11 -9 -6 -3 0 4 12 19 25 30 35 42 47 45 41 38 35 32 30 30 33 37 41 46 54 55 45 31 12 -8 -31 -73 -125 -186 -252 -322 -389 -433 -448 -427 -359 -236 -88 46 137 163 159 131 116 111 109 108 106 105 103 101 99 95 88 75 66 62 60 60 66 72 77 82 86 88 87 84 80 75 71 66 61 55 49 42 37 33 30 26 23 20 17 15 13 10 6 0 -11 -22 -34 -45 -55 -64 -71 -81 -94 -101 -105 -109 -113 -116 -119 -120 -121 -121 -120 -119 -118 -115 -111 -106 -100 -87 -64 -46 -32 -18 -6 4 11 16 18 20 21 22 22 22 22 22 23 23 23 23 23 23 23 23 24 24 24 24 24 24 25 27 27 28 30 31 34 38 42 44 42 38 34 30 25 20 17 14 12 10 8 6 3 1 0 -1 -3 -7 7 17 22 27 31 33 34 32 29 25 21 17 14 12 9 6 3 0 -1 -4 -6 -8 -11 -13 -15 -17 -18 -20 -22 -23 -25 -27 -28 -30 -31 -32 -34 -36 -37 -38 -40 -41 -45 -54 -64 -76 -85 -89 -92 -95 -93 -80 -61 -39 -19 -2 6 11 15 18 18 15 10 5 1 -3 -8 -11 -12 -10 -6 -2 4 14 19 25 30 20 -11 -52 -100 -156 -220 -287 -348 -380 -390 -378 -340 -282 -209 -128 -43 30 84 112 123 126 123 115 100 87 83 81 79 75 70 63 49 27 11 1 -3 0 9 23 37 43 46 48 49 48 46 42 38 34 30 25 19 12 3 -6 -18 -27 -34 -39 -45 -50 -56 -62 -66 -69 -72 -75 -79 -82 -86 -90 -94 -99 -106 -113 -119 -126 -132 -140 -144 -139 -131 -124 -119 -114 -110 -105 -102 -97 -87 -68 -50 -36 -26 -14 3 17 27 31 30 26 21 15 16 26 34 41 48 52 55 60 65 65 57 52 49 45 42 41 42 44 46 48 49 50 52 54 56 56 54 51 47 43 40 35 30 25 23 22 23 24 25 25 25 25 26 27 27 28 28 29 29 30 30 29 28 27 26 26 26 25 25 27 29 31 32 32 32 28 24 19 16 12 8 4 1 0 -2 -4 -8 -10 -7 0 4 8 12 14 15 14 12 10 9 6 3 4 12 21 26 31 36 40 44 45 46 46 45 44 43 41 38 38 42 46 50 39 23 2 -34 -85 -148 -212 -266 -310 -322 -328 -320 -272 -198 -105 -13 64 123 159 172 172 158 121 86 67 57 51 48 45 42 40 36 31 24 24 29 34 38 42 44 42 36 29 25 20 15 12 10 10 10 11 11 12 14 3 -6 -12 -17 -24 -31 -37 -44 -50 -55 -61 -66 -72 -80 -88 -97 -104 -110 -115 -119 -123 -126 -129 -134 -137 -137 -133 -126 -121 -115 -109 -102 -94 -80 -60 -44 -32 -19 -11 -7 -3 0 2 5 9 12 16 21 31 53 69 78 85 91 96 99 102 105 109 111 111 109 105 100 95 91 87 82 77 72 67 62 56 51 48 45 44 42 40 39 37 35 33 32 30 29 27 26 25 25 25 24 24 24 24 24 25 25 25 25 25 26 26 26 26 25 24 23 23 22 20 19 17 16 15 13 10 6 1 -4 -8 -12 -14 -16 -17 -18 -18 -18 -17 -17 -18 -19 -19 -18 -14 -9 -5 -2 2 6 10 13 14 13 13 13 12 11 9 8 10 17 24 32 37 40 44 47 30 0 -27 -71 -116 -169 -222 -278 -338 -401 -442 -456 -433 -366 -248 -107 15 70 90 90 78 66 53 35 21 10 3 2 2 1 1 0 0 0 0 0 0 0 1 2 3 3 3 3 2 2 1 0 -1 -3 -4 -6 -8 -10 -12 -14 -17 -21 -25 -29 -35 -41 -47 -53 -59 -64 -70 -75 -80 -84 -87 -90 -93 -97 -104 -114 -127 -134 -138 -142 -145 -146 -147 -148 -147 -145 -142 -138 -134 -127 -118 -100 -83 -65 -47 -36 -26 -17 -7 4 13 20 27 33 39 44 47 50 52 54 57 59 60 61 63 65 66 67 67 67 67 67 67 69 69 70 72 77 69 62 56 52 50 51 55 61 70 80 84 87 91 91 83 76 69 