# Created by Octave 4.4.1, Sun Dec 02 20:33:06 2018 GMT <unknown@LAPTOP-9B89P8SL>
# name: val
# type: matrix
# rows: 1
# columns: 5570
 -62 -72 -81 -88 -88 -78 -61 -41 -14 4 28 59 81 95 104 105 99 91 84 80 75 70 65 61 54 45 32 13 -1 -11 -18 -26 -38 -52 -61 -69 -76 -81 -84 -85 -87 -87 -89 -91 -94 -85 -75 -68 -70 -84 -91 -96 -100 -103 -103 -103 -100 -95 -89 -82 -76 -70 -63 -58 -54 -53 -55 -58 -64 -70 -77 -86 -96 -107 -115 -121 -126 -131 -137 -145 -150 -142 -127 -116 -107 -99 -91 -83 -75 -67 -59 -52 -47 -47 -49 -54 -61 -70 -94 -118 -134 -144 -151 -155 -158 -160 -162 -163 -161 -157 -150 -144 -139 -135 -130 -126 -121 -117 -113 -110 -106 -104 -101 -99 -95 -88 -75 -89 -132 -216 -329 -468 -624 -773 -886 -921 -914 -843 -718 -556 -369 -175 7 159 265 306 306 267 215 170 139 110 91 89 88 87 86 86 88 89 90 90 89 82 73 64 53 42 28 12 -5 -18 -29 -38 -37 -18 0 15 22 26 29 33 34 29 14 -25 -73 -86 -96 -107 -117 -126 -132 -138 -143 -151 -158 -167 -176 -187 -204 -218 -230 -246 -262 -266 -268 -270 -272 -273 -274 -274 -274 -274 -272 -269 -265 -259 -253 -244 -227 -210 -185 -150 -110 -71 -34 1 37 74 112 148 167 178 186 191 193 192 190 188 185 183 180 177 176 182 191 197 204 210 213 213 210 206 202 199 195 191 188 185 185 186 189 194 200 208 222 222 208 200 196 192 188 184 180 175 171 166 161 151 134 126 119 112 113 128 139 150 158 158 152 141 124 101 89 82 77 74 76 83 95 115 138 146 151 154 155 149 140 129 114 101 90 79 74 80 93 110 127 132 135 138 140 140 134 124 113 99 93 92 86 95 116 125 131 135 135 133 127 120 113 109 103 98 92 87 84 85 86 86 87 89 91 94 97 98 96 90 81 69 53 36 25 15 7 4 6 13 23 40 61 71 78 76 58 31 -3 -26 -41 -50 -54 -57 -62 -66 -48 -32 -23 -14 -5 2 10 27 57 70 74 77 79 81 81 82 82 83 84 85 87 88 88 89 89 90 91 93 96 100 104 111 120 130 139 151 176 198 206 211 210 197 179 154 109 28 -81 -221 -369 -493 -582 -616 -626 -604 -538 -420 -255 -73 99 251 360 401 418 417 396 365 325 292 269 255 243 230 213 192 162 136 116 98 90 86 83 81 79 77 75 73 70 67 65 63 62 60 56 52 46 36 14 -2 -24 -53 -85 -117 -140 -155 -168 -181 -192 -201 -209 -216 -222 -227 -234 -241 -248 -256 -266 -276 -287 -298 -310 -322 -334 -349 -368 -383 -396 -406 -410 -407 -400 -389 -376 -356 -334 -303 -265 -228 -195 -142 -87 -55 -23 7 38 67 89 106 125 139 151 160 168 175 180 184 187 190 193 194 194 193 191 187 182 175 167 160 153 144 134 125 119 114 109 104 98 90 80 69 60 52 46 46 48 52 57 62 61 45 24 -3 -30 -62 -78 -84 -90 -94 -96 -97 -97 -98 -100 -101 -103 -105 -106 -108 -110 -112 -114 -116 -118 -121 -125 -137 -160 -168 -173 -178 -182 -184 -183 -178 -172 -167 -162 -156 -150 -145 -143 -144 -149 -156 -163 -168 -173 -179 -185 -189 -191 -192 -189 -185 -180 -174 -167 -161 -154 -146 -138 -132 -128 -128 -130 -135 -141 -149 -162 -182 -187 -193 -198 -182 -160 -141 -125 -111 -99 -90 -85 -81 -77 -74 -71 -67 -64 -62 -61 -59 -57 -55 -54 -52 -50 -48 -46 -46 -46 -46 -47 -47 -48 -49 -50 -52 -54 -55 -56 -57 -59 -62 -65 -70 -76 -81 -84 -84 -82 -77 -72 -66 -58 -45 -29 -11 2 13 22 31 40 50 61 74 81 75 65 58 53 47 42 38 34 31 25 16 11 17 29 41 53 63 71 77 84 90 93 91 84 73 55 28 4 -20 -60 -117 -200 -306 -428 -555 -672 -759 -800 -797 -737 -573 -326 -39 251 491 627 648 623 521 394 280 201 148 122 100 82 72 64 60 61 67 75 83 90 95 94 86 75 65 53 36 17 4 -5 -13 -19 -25 -30 -32 -34 -36 -40 -45 -54 -73 -90 -105 -117 -127 -135 -141 -146 -152 -158 -164 -171 -181 -197 -216 -232 -246 -258 -268 -275 -281 -285 -290 -294 -298 -302 -306 -310 -315 -322 -333 -339 -336 -328 -306 -259 -230 -199 -172 -131 -88 -44 0 45 93 119 144 170 192 209 233 250 263 272 280 285 291 305 322 334 341 322 292 257 228 207 190 167 133 110 99 90 83 77 71 65 60 56 51 46 43 41 39 38 39 41 45 49 54 60 65 73 80 87 93 98 104 109 114 119 123 127 130 133 137 141 143 145 148 152 160 174 191 214 243 262 272 281 290 297 303 307 310 313 317 319 321 321 320 318 315 311 306 300 293 287 283 280 277 275 271 268 264 260 257 254 251 249 247 245 245 245 245 245 245 243 236 213 184 160 151 145 141 138 136 133 129 126 123 118 112 104 87 53 30 16 6 -1 -7 -13 -19 -23 -24 -17 -7 5 22 40 57 71 77 80 82 84 87 90 91 91 89 85 81 78 75 72 68 65 62 60 59 58 56 55 54 53 53 53 51 49 45 41 36 29 3 -45 -108 -187 -284 -404 -546 -701 -852 -968 -1012 -953 -779 -508 -188 111 326 410 415 356 256 174 130 112 96 75 49 24 -6 -33 -50 -63 -75 -82 -88 -94 -99 -101 -99 -96 -90 -83 -68 -49 -41 -34 -35 -49 -62 -74 -86 -99 -107 -113 -118 -122 -128 -135 -140 -147 -155 -170 -193 -211 -223 -233 -242 -251 -260 -277 -303 -329 -354 -378 -406 -428 -439 -449 -460 -471 -487 -506 -516 -522 -527 -531 -532 -529 -522 -509 -468 -421 -390 -364 -344 -322 -300 -279 -261 -239 -209 -175 -139 -101 -60 -24 2 33 52 65 75 84 92 99 104 108 111 113 115 119 122 124 126 128 130 131 132 131 130 128 126 124 123 121 120 119 118 118 117 115 113 110 107 103 100 95 90 84 80 77 75 72 68 64 59 55 52 50 48 47 47 48 52 57 62 65 68 69 71 75 80 83 84 81 75 70 65 62 57 51 45 42 42 46 51 57 61 65 69 75 81 86 89 91 91 91 90 88 86 84 81 78 76 75 75 74 74 73 72 71 70 69 66 64 61 59 59 59 58 57 56 55 54 52 50 48 43 37 32 28 25 22 20 19 18 16 15 15 14 12 11 10 9 10 13 19 26 33 40 48 58 67 76 85 91 96 100 105 110 114 118 120 122 122 123 122 120 116 110 105 100 94 90 86 82 78 73 68 62 57 51 46 43 40 38 35 33 31 27 20 4 -12 -58 -117 -198 -305 -440 -600 -774 -935 -1031 -1034 -954 -744 -452 -129 150 332 391 409 388 327 264 198 133 69 29 -15 -40 -44 -46 -47 -47 -46 -45 -45 -46 -47 -49 -51 -53 -55 -57 -59 -62 -66 -71 -78 -92 -120 -132 -140 -148 -153 -154 -148 -139 -132 -123 -116 -116 -124 -139 -163 -196 -219 -237 -260 -276 -288 -299 -308 -315 -323 -333 -349 -370 -392 -413 -433 -443 -450 -456 -460 -463 -464 -462 -458 -451 -441 -430 -413 -384 -366 -342 -313 -269 -216 -154 -129 -110 -87 -52 -10 36 72 96 117 136 150 160 168 177 188 201 213 225 234 243 253 261 269 273 272 267 260 253 247 241 238 234 230 226 222 218 214 211 207 203 200 198 195 194 192 189 186 183 180 177 174 169 163 155 148 142 139 138 138 138 137 136 133 128 125 132 143 146 148 149 150 152 154 157 161 163 164 164 165 165 165 164 164 162 161 160 159 160 161 162 164 165 165 164 163 160 157 153 148 144 140 135 131 126 119 101 84 77 74 72 68 64 61 67 77 83 88 93 97 99 100 102 103 102 99 95 89 81 73 65 57 40 24 21 29 41 48 56 64 68 64 53 41 31 28 25 22 19 15 11 8 6 4 1 -1 -3 -3 -2 -1 0 1 2 3 4 5 6 6 5 6 7 9 10 10 8 7 7 7 9 10 10 10 11 12 13 14 13 8 1 -8 -18 -28 -42 -57 -70 -80 -89 -97 -104 -112 -123 -133 -142 -158 -214 -312 -437 -574 -720 -860 -965 -999 -964 -857 -615 -318 -39 170 250 277 240 177 122 91 66 36 12 -5 -21 -36 -51 -67 -82 -93 -98 -102 -105 -108 -112 -115 -117 -117 -115 -113 -111 -109 -106 -100 -96 -106 -127 -147 -169 -193 -217 -236 -252 -265 -277 -285 -291 -296 -301 -306 -312 -320 -330 -344 -358 -374 -393 -412 -431 -448 -463 -477 -490 -503 -515 -525 -535 -544 -554 -564 -571 -575 -572 -564 -554 -542 -528 -509 -489 -468 -443 -413 -381 -353 -328 -304 -279 -251 -218 -177 -144 -120 -98 -73 -51 -44 -40 -35 -30 -25 -21 -17 -13 -11 -9 -6 -3 -2 -2 -3 -4 -6 -6 -5 -5 -4 -4 -5 -4 -4 -4 -5 -6 -9 -11 -14 -15 -16 -17 -18 -19 -19 -19 -18 -17 -17 -17 -18 -18 -19 -20 -20 -22 -23 -26 -28 -29 -29 -28 -28 -27 -27 -27 -26 -26 -26 -26 -28 -32 -35 -38 -39 -38 -34 -29 -24 -19 -15 -11 -6 -2 0 3 7 12 19 27 36 44 53 62 71 79 86 93 99 106 113 119 125 130 135 138 141 145 148 150 151 151 150 149 148 147 146 144 143 144 147 153 157 158 152 143 133 125 114 103 95 94 97 103 109 112 115 119 123 127 132 137 142 147 152 158 163 167 172 177 182 187 194 200 207 213 220 226 233 238 243 249 254 261 268 276 286 297 307 314 319 323 326 328 329 330 332 333 334 336 337 339 340 340 338 336 333 330 327 325 321 317 313 308 304 301 297 292 285 278 270 262 253 240 221 185 127 41 -53 -165 -297 -442 -583 -687 -722 -681 -557 -318 -30 250 480 590 627 597 551 485 406 323 282 266 254 244 236 229 223 217 211 205 199 194 190 189 188 187 185 182 179 177 174 171 167 162 157 152 148 144 139 133 127 120 113 105 94 71 46 23 0 -18 -34 -50 -65 -81 -95 -110 -124 -140 -157 -174 -191 -211 -238 -275 -308 -333 -353 -369 -381 -391 -399 -407 -414 